16,16, 16,15
16,32, 0,38
16,48, 0,45
16,64, 4,66
16,80, 20,68
16,96, 16,109
16,112, 0,125
16,128, 1,117
16,144, 1,142
16,160, 12,163
16,176, 24,180
16,192, 4,195
16,208, 1,209
16,224, 24,236
16,240, 5,241
16,256, 28,267
16,272, 4,285
16,288, 0,274
16,304, 4,298
16,320, 13,312
16,336, 21,333
16,352, 12,347
16,368, 0,363
16,384, 1,382
16,400, 12,404
16,416, 1,401
16,432, 4,418
16,448, 1,434
16,464, 4,479
16,480, 29,472
16,496, 16,501
16,512, 5,508
16,528, 0,527
16,544, 9,555
16,560, 5,570
16,576, 0,572
16,592, 8,578
16,608, 5,609
16,624, 8,622
16,640, 4,628
16,656, 16,648
16,672, 0,670
32,16, 17,12
32,32, 24,37
32,48, 16,42
32,64, 20,53
32,80, 17,89
32,96, 25,91
32,112, 16,105
32,128, 16,141
32,144, 20,139
32,160, 28,152
32,176, 20,185
32,192, 44,184
32,208, 16,219
32,224, 20,228
32,240, 17,249
32,256, 25,253
32,272, 28,258
32,288, 32,275
32,304, 16,295
32,320, 20,316
32,336, 17,327
32,352, 24,366
32,368, 25,371
32,384, 24,378
32,400, 32,397
32,416, 40,400
32,432, 20,437
32,448, 16,463
32,464, 28,458
32,480, 37,476
32,496, 17,502
32,512, 21,513
32,528, 17,520
32,544, 20,550
32,560, 16,568
32,576, 28,585
32,592, 25,579
32,608, 16,604
32,624, 20,610
32,640, 16,639
32,656, 29,667
32,672, 29,669
48,16, 36,9
48,32, 36,46
48,48, 61,48
48,64, 36,75
48,80, 33,86
48,96, 48,103
48,112, 32,106
48,128, 37,137
48,144, 32,136
48,160, 37,168
48,176, 56,177
48,192, 49,186
48,208, 33,203
48,224, 49,227
48,240, 41,241
48,256, 32,258
48,272, 49,282
48,288, 41,285
48,304, 52,309
48,320, 33,312
48,336, 36,328
48,352, 44,361
48,368, 37,358
48,384, 44,379
48,400, 32,389
48,416, 33,405
48,432, 53,420
48,448, 44,434
48,464, 40,479
48,480, 44,470
48,496, 61,486
48,512, 32,524
48,528, 33,537
48,544, 48,530
48,560, 36,558
48,576, 44,574
48,592, 56,605
48,608, 44,613
48,624, 40,609
48,640, 32,643
48,656, 33,652
48,672, 56,656
64,16, 60,30
64,32, 48,43
64,48, 48,47
64,64, 53,71
64,80, 49,80
64,96, 52,99
64,112, 57,106
64,128, 60,139
64,144, 48,129
64,160, 56,153
64,176, 72,160
64,192, 53,206
64,208, 64,195
64,224, 49,227
64,240, 69,232
64,256, 69,250
64,272, 60,279
64,288, 68,277
64,304, 56,289
64,320, 48,334
64,336, 56,348
64,352, 72,351
64,368, 61,363
64,384, 65,387
64,400, 56,404
64,416, 65,407
64,432, 64,428
64,448, 53,461
64,464, 61,456
64,480, 61,472
64,496, 60,490
64,512, 68,520
64,528, 57,538
64,544, 53,533
64,560, 52,545
64,576, 56,575
64,592, 52,577
64,608, 53,608
64,624, 53,634
64,640, 56,636
64,656, 64,664
64,672, 48,669
80,16, 69,18
80,32, 69,26
80,48, 64,36
80,64, 84,59
80,80, 69,92
80,96, 73,91
80,112, 73,121
80,128, 85,138
80,144, 65,158
80,160, 81,160
80,176, 72,164
80,192, 80,186
80,208, 76,192
80,224, 64,239
80,240, 80,229
80,256, 69,269
80,272, 69,262
80,288, 77,281
80,304, 69,288
80,320, 69,335
80,336, 68,330
80,352, 73,352
80,368, 73,382
80,384, 77,383
80,400, 64,393
80,416, 88,418
80,432, 64,432
80,448, 80,432
80,464, 72,454
80,480, 68,479
80,496, 72,495
80,512, 89,498
80,528, 65,530
80,544, 85,530
80,560, 68,552
80,576, 76,568
80,592, 84,601
80,608, 76,615
80,624, 64,628
80,640, 64,640
80,656, 72,665
80,672, 68,681
96,16, 80,6
96,32, 80,18
96,48, 81,55
96,64, 80,55
96,80, 84,65
96,96, 96,92
96,112, 80,111
96,128, 84,128
96,144, 80,148
96,160, 108,160
96,176, 80,162
96,192, 84,203
96,208, 89,210
96,224, 88,225
96,240, 93,226
96,256, 100,242
96,272, 104,264
96,288, 88,280
96,304, 81,289
96,320, 84,310
96,336, 80,339
96,352, 100,351
96,368, 85,360
96,384, 84,388
96,400, 84,407
96,416, 89,402
96,432, 104,429
96,448, 84,462
96,464, 81,461
96,480, 104,484
96,496, 89,503
96,512, 97,499
96,528, 105,529
96,544, 92,542
96,560, 93,545
96,576, 101,589
96,592, 80,589
96,608, 92,601
96,624, 80,620
96,640, 89,648
96,656, 80,669
96,672, 81,664
112,16, 101,28
112,32, 109,40
112,48, 104,44
112,64, 105,71
112,80, 96,80
112,96, 104,87
112,112, 104,98
112,128, 100,126
112,144, 101,132
112,160, 121,159
112,176, 113,187
112,192, 108,183
112,208, 113,206
112,224, 96,236
112,240, 100,250
112,256, 120,260
112,272, 97,266
112,288, 96,297
112,304, 105,307
112,320, 120,332
112,336, 121,328
112,352, 96,341
112,368, 105,375
112,384, 96,393
112,400, 124,393
112,416, 116,409
112,432, 112,440
112,448, 96,445
112,464, 100,449
112,480, 105,466
112,496, 113,486
112,512, 121,515
112,528, 112,514
112,544, 108,547
112,560, 96,560
112,576, 117,565
112,592, 101,602
112,608, 104,598
112,624, 104,626
112,640, 108,630
112,656, 120,642
112,672, 112,658
128,16, 113,0
128,32, 112,36
128,48, 125,44
128,64, 125,76
128,80, 117,78
128,96, 125,98
128,112, 116,123
128,128, 112,129
128,144, 128,133
128,160, 113,154
128,176, 121,180
128,192, 112,195
128,208, 141,196
128,224, 124,210
128,240, 120,232
128,256, 112,270
128,272, 136,257
128,288, 132,289
128,304, 124,304
128,320, 124,325
128,336, 120,322
128,352, 113,362
128,368, 133,362
128,384, 132,377
128,400, 129,385
128,416, 120,428
128,432, 113,437
128,448, 120,439
128,464, 116,461
128,480, 128,492
128,496, 136,489
128,512, 129,509
128,528, 116,519
128,544, 125,529
128,560, 112,575
128,576, 113,577
128,592, 125,579
128,608, 116,617
128,624, 113,625
128,640, 120,647
128,656, 125,648
128,672, 132,664
144,16, 144,1
144,32, 133,29
144,48, 145,40
144,64, 144,75
144,80, 129,71
144,96, 144,92
144,112, 140,113
144,128, 132,139
144,144, 148,152
144,160, 136,166
144,176, 128,185
144,192, 153,182
144,208, 144,202
144,224, 133,236
144,240, 141,240
144,256, 132,257
144,272, 132,279
144,288, 145,276
144,304, 128,289
144,320, 144,320
144,336, 144,336
144,352, 152,340
144,368, 145,380
144,384, 128,386
144,400, 133,389
144,416, 129,400
144,432, 132,426
144,448, 137,447
144,464, 129,471
144,480, 132,473
144,496, 129,490
144,512, 133,509
144,528, 137,531
144,544, 129,549
144,560, 148,556
144,576, 128,591
144,592, 156,592
144,608, 136,595
144,624, 128,608
144,640, 136,652
144,656, 136,641
144,672, 137,665
160,16, 164,2
160,32, 148,37
160,48, 164,52
160,64, 152,55
160,80, 172,92
160,96, 160,88
160,112, 149,117
160,128, 149,116
160,144, 165,141
160,160, 144,167
160,176, 169,186
160,192, 165,195
160,208, 161,192
160,224, 160,218
160,240, 144,224
160,256, 157,252
160,272, 144,282
160,288, 161,272
160,304, 164,302
160,320, 157,323
160,336, 148,325
160,352, 149,349
160,368, 156,375
160,384, 144,390
160,400, 144,394
160,416, 172,419
160,432, 157,442
160,448, 156,446
160,464, 149,461
160,480, 161,483
160,496, 161,489
160,512, 156,519
160,528, 160,534
160,544, 145,559
160,560, 172,544
160,576, 153,586
160,592, 160,598
160,608, 173,594
160,624, 157,609
160,640, 157,650
160,656, 145,641
160,672, 172,667
176,16, 165,17
176,32, 176,47
176,48, 188,39
176,64, 173,51
176,80, 168,71
176,96, 164,101
176,112, 161,113
176,128, 184,113
176,144, 181,146
176,160, 161,150
176,176, 165,188
176,192, 188,205
176,208, 177,223
176,224, 176,218
176,240, 165,243
176,256, 165,243
176,272, 161,262
176,288, 164,279
176,304, 173,307
176,320, 185,326
176,336, 161,347
176,352, 173,365
176,368, 176,381
176,384, 168,374
176,400, 164,394
176,416, 164,425
176,432, 180,431
176,448, 188,441
176,464, 161,450
176,480, 164,491
176,496, 173,493
176,512, 164,499
176,528, 164,518
176,544, 165,542
176,560, 164,558
176,576, 188,588
176,592, 161,578
176,608, 161,595
176,624, 164,624
176,640, 160,631
176,656, 165,642
176,672, 164,667
192,16, 176,27
192,32, 176,22
192,48, 184,56
192,64, 181,51
192,80, 184,67
192,96, 201,103
192,112, 185,108
192,128, 193,122
192,144, 180,150
192,160, 185,170
192,176, 200,167
192,192, 181,207
192,208, 188,220
192,224, 185,226
192,240, 184,245
192,256, 181,265
192,272, 197,284
192,288, 185,279
192,304, 184,316
192,320, 181,322
192,336, 196,333
192,352, 196,348
192,368, 177,355
192,384, 184,398
192,400, 181,398
192,416, 197,421
192,432, 196,424
192,448, 189,432
192,464, 177,477
192,480, 185,492
192,496, 192,507
192,512, 197,522
192,528, 181,514
192,544, 176,544
192,560, 205,567
192,576, 185,579
192,592, 197,579
192,608, 181,610
192,624, 180,623
192,640, 177,635
192,656, 184,670
192,672, 176,680
208,16, 196,4
208,32, 204,45
208,48, 192,37
208,64, 208,58
208,80, 196,68
208,96, 204,89
208,112, 204,100
208,128, 192,119
208,144, 209,159
208,160, 196,146
208,176, 200,187
208,192, 197,191
208,208, 196,198
208,224, 196,215
208,240, 200,228
208,256, 193,266
208,272, 201,266
208,288, 209,290
208,304, 208,288
208,320, 216,330
208,336, 205,327
208,352, 197,342
208,368, 201,380
208,384, 204,382
208,400, 209,386
208,416, 197,419
208,432, 204,417
208,448, 192,462
208,464, 213,449
208,480, 192,464
208,496, 212,501
208,512, 196,499
208,528, 196,515
208,544, 212,541
208,560, 209,548
208,576, 204,572
208,592, 213,600
208,608, 192,603
208,624, 196,621
208,640, 192,636
208,656, 209,661
208,672, 192,664
224,16, 212,7
224,32, 208,44
224,48, 224,59
224,64, 209,79
224,80, 213,92
224,96, 217,82
224,112, 224,100
224,128, 209,138
224,144, 221,147
224,160, 217,172
224,176, 208,186
224,192, 212,178
224,208, 209,212
224,224, 220,217
224,240, 217,228
224,256, 229,254
224,272, 209,262
224,288, 212,280
224,304, 212,297
224,320, 216,322
224,336, 212,339
224,352, 233,350
224,368, 221,361
224,384, 237,395
224,400, 216,413
224,416, 208,401
224,432, 232,438
224,448, 237,438
224,464, 224,473
224,480, 233,476
224,496, 213,509
224,512, 228,502
224,528, 220,540
224,544, 224,542
224,560, 216,560
224,576, 213,581
224,592, 221,594
224,608, 228,614
224,624, 237,638
224,640, 216,637
224,656, 208,659
224,672, 237,680
240,16, 237,19
240,32, 229,47
240,48, 245,32
240,64, 224,60
240,80, 224,75
240,96, 233,93
240,112, 228,112
240,128, 229,118
240,144, 245,135
240,160, 228,158
240,176, 237,183
240,192, 233,181
240,208, 241,215
240,224, 229,217
240,240, 237,228
240,256, 232,240
240,272, 232,279
240,288, 225,298
240,304, 224,314
240,320, 228,333
240,336, 224,322
240,352, 232,341
240,368, 224,371
240,384, 228,394
240,400, 232,397
240,416, 224,422
240,432, 241,417
240,448, 245,463
240,464, 245,474
240,480, 237,465
240,496, 253,481
240,512, 224,510
240,528, 224,522
240,544, 228,529
240,560, 248,561
240,576, 233,583
240,592, 241,601
240,608, 228,606
240,624, 244,621
240,640, 225,648
240,656, 233,662
240,672, 233,685
256,16, 249,20
256,32, 240,33
256,48, 244,50
256,64, 253,66
256,80, 245,70
256,96, 241,92
256,112, 241,120
256,128, 240,115
256,144, 249,132
256,160, 253,146
256,176, 257,161
256,192, 248,207
256,208, 241,212
256,224, 245,230
256,240, 241,229
256,256, 269,240
256,272, 241,283
256,288, 241,281
256,304, 244,316
256,320, 264,326
256,336, 248,344
256,352, 261,346
256,368, 240,370
256,384, 248,381
256,400, 264,402
256,416, 241,415
256,432, 240,432
256,448, 240,462
256,464, 241,477
256,480, 265,477
256,496, 240,483
256,512, 244,521
256,528, 245,536
256,544, 257,553
256,560, 252,548
256,576, 253,579
256,592, 261,603
256,608, 256,594
256,624, 245,624
256,640, 248,640
256,656, 249,664
256,672, 252,676
272,16, 261,1
272,32, 257,44
272,48, 265,53
272,64, 265,73
272,80, 260,88
272,96, 257,105
272,112, 264,98
272,128, 257,137
272,144, 260,144
272,160, 261,167
272,176, 281,183
272,192, 264,205
272,208, 273,223
272,224, 276,227
272,240, 256,242
272,256, 272,261
272,272, 256,285
272,288, 264,297
272,304, 277,301
272,320, 257,316
272,336, 257,329
272,352, 256,339
272,368, 272,380
272,384, 261,376
272,400, 264,411
272,416, 273,413
272,432, 264,420
272,448, 285,452
272,464, 261,474
272,480, 260,479
272,496, 257,509
272,512, 257,508
272,528, 265,536
272,544, 261,558
272,560, 257,563
272,576, 269,577
272,592, 261,577
272,608, 260,602
272,624, 260,619
272,640, 257,646
272,656, 264,645
272,672, 265,677
288,16, 292,28
288,32, 297,44
288,48, 293,54
288,64, 272,73
288,80, 272,64
288,96, 301,92
288,112, 276,107
288,128, 288,136
288,144, 277,130
288,160, 292,155
288,176, 277,184
288,192, 273,176
288,208, 281,214
288,224, 272,239
288,240, 273,228
288,256, 297,254
288,272, 276,262
288,288, 285,286
288,304, 280,299
288,320, 284,322
288,336, 288,349
288,352, 272,348
288,368, 276,368
288,384, 284,372
288,400, 284,412
288,416, 301,422
288,432, 272,416
288,448, 300,448
288,464, 292,462
288,480, 280,464
288,496, 280,484
288,512, 273,516
288,528, 284,527
288,544, 285,529
288,560, 277,551
288,576, 276,575
288,592, 280,607
288,608, 276,603
288,624, 273,619
288,640, 289,632
288,656, 285,669
288,672, 293,667
304,16, 316,8
304,32, 293,36
304,48, 292,33
304,64, 297,58
304,80, 292,95
304,96, 288,90
304,112, 308,124
304,128, 300,136
304,144, 292,133
304,160, 288,165
304,176, 289,179
304,192, 289,196
304,208, 288,212
304,224, 292,215
304,240, 300,227
304,256, 288,241
304,272, 293,285
304,288, 301,274
304,304, 312,295
304,320, 297,306
304,336, 288,351
304,352, 309,342
304,368, 292,375
304,384, 297,396
304,400, 292,390
304,416, 317,401
304,432, 316,437
304,448, 301,448
304,464, 288,461
304,480, 296,483
304,496, 309,507
304,512, 313,498
304,528, 288,522
304,544, 300,531
304,560, 301,551
304,576, 304,580
304,592, 297,597
304,608, 289,612
304,624, 292,633
304,640, 309,649
304,656, 297,643
304,672, 313,656
320,16, 309,25
320,32, 316,33
320,48, 304,34
320,64, 304,55
320,80, 305,67
320,96, 308,111
320,112, 316,110
320,128, 309,141
320,144, 333,153
320,160, 316,151
320,176, 320,171
320,192, 304,183
320,208, 328,199
320,224, 312,239
320,240, 304,252
320,256, 313,261
320,272, 316,274
320,288, 329,278
320,304, 328,294
320,320, 321,318
320,336, 316,336
320,352, 308,357
320,368, 305,353
320,384, 321,373
320,400, 304,386
320,416, 308,426
320,432, 308,444
320,448, 320,462
320,464, 317,458
320,480, 328,468
320,496, 312,494
320,512, 321,496
320,528, 312,543
320,544, 308,538
320,560, 305,571
320,576, 304,581
320,592, 304,587
320,608, 325,616
320,624, 305,610
320,640, 304,645
320,656, 308,648
320,672, 313,660
336,16, 324,19
336,32, 329,31
336,48, 333,48
336,64, 329,59
336,80, 344,91
336,96, 341,82
336,112, 348,112
336,128, 332,115
336,144, 332,155
336,160, 321,157
336,176, 324,177
336,192, 348,197
336,208, 348,192
336,224, 321,233
336,240, 337,234
336,256, 320,240
336,272, 324,268
336,288, 320,277
336,304, 341,298
336,320, 328,329
336,336, 321,336
336,352, 329,337
336,368, 333,358
336,384, 341,395
336,400, 328,406
336,416, 345,419
336,432, 321,437
336,448, 333,439
336,464, 340,464
336,480, 328,466
336,496, 321,492
336,512, 329,516
336,528, 341,522
336,544, 325,556
336,560, 348,563
336,576, 345,582
336,592, 321,600
336,608, 337,615
336,624, 325,620
336,640, 328,651
336,656, 320,647
336,672, 329,682
352,16, 336,13
352,32, 352,19
352,48, 340,32
352,64, 340,62
352,80, 345,76
352,96, 337,86
352,112, 365,121
352,128, 344,113
352,144, 345,130
352,160, 336,166
352,176, 349,174
352,192, 336,181
352,208, 341,204
352,224, 353,233
352,240, 356,248
352,256, 340,244
352,272, 360,264
352,288, 336,275
352,304, 345,296
352,320, 337,310
352,336, 341,346
352,352, 345,362
352,368, 357,364
352,384, 345,383
352,400, 344,400
352,416, 344,415
352,432, 344,427
352,448, 340,440
352,464, 341,475
352,480, 344,473
352,496, 344,484
352,512, 348,496
352,528, 364,517
352,544, 340,553
352,560, 348,549
352,576, 336,565
352,592, 336,589
352,608, 340,611
352,624, 336,631
352,640, 344,627
352,656, 336,658
352,672, 344,666
368,16, 356,2
368,32, 368,18
368,48, 380,32
368,64, 360,59
368,80, 376,80
368,96, 360,92
368,112, 372,127
368,128, 352,127
368,144, 356,159
368,160, 364,153
368,176, 357,163
368,192, 368,201
368,208, 373,203
368,224, 353,230
368,240, 360,232
368,256, 361,257
368,272, 365,287
368,288, 368,275
368,304, 352,289
368,320, 369,327
368,336, 369,342
368,352, 357,345
368,368, 380,372
368,384, 369,393
368,400, 373,400
368,416, 380,426
368,432, 369,443
368,448, 361,456
368,464, 365,458
368,480, 377,464
368,496, 364,497
368,512, 357,515
368,528, 352,516
368,544, 353,544
368,560, 361,568
368,576, 357,578
368,592, 369,596
368,608, 356,622
368,624, 353,625
368,640, 364,624
368,656, 352,656
368,672, 353,660
384,16, 389,30
384,32, 368,45
384,48, 376,48
384,64, 369,70
384,80, 373,78
384,96, 397,81
384,112, 368,107
384,128, 372,130
384,144, 372,150
384,160, 388,149
384,176, 388,188
384,192, 396,186
384,208, 373,195
384,224, 373,227
384,240, 397,225
384,256, 376,250
384,272, 384,287
384,288, 368,282
384,304, 368,302
384,320, 368,311
384,336, 369,332
384,352, 396,346
384,368, 384,360
384,384, 381,383
384,400, 385,414
384,416, 389,416
384,432, 385,445
384,448, 369,447
384,464, 397,453
384,480, 376,470
384,496, 389,493
384,512, 385,497
384,528, 376,535
384,544, 368,546
384,560, 369,564
384,576, 369,591
384,592, 373,576
384,608, 389,622
384,624, 372,613
384,640, 372,624
384,656, 389,645
384,672, 373,670
400,16, 392,23
400,32, 389,43
400,48, 396,50
400,64, 413,79
400,80, 412,78
400,96, 413,99
400,112, 396,96
400,128, 396,117
400,144, 388,148
400,160, 385,166
400,176, 401,161
400,192, 409,201
400,208, 393,207
400,224, 392,234
400,240, 389,244
400,256, 397,271
400,272, 396,269
400,288, 388,294
400,304, 392,298
400,320, 397,332
400,336, 392,337
400,352, 388,362
400,368, 385,376
400,384, 396,373
400,400, 385,411
400,416, 388,419
400,432, 392,445
400,448, 404,443
400,464, 409,470
400,480, 385,468
400,496, 393,498
400,512, 392,506
400,528, 384,528
400,544, 389,532
400,560, 385,553
400,576, 384,571
400,592, 405,579
400,608, 396,606
400,624, 401,636
400,640, 408,633
400,656, 401,661
400,672, 397,670
416,16, 413,3
416,32, 405,41
416,48, 412,32
416,64, 417,64
416,80, 428,66
416,96, 424,87
416,112, 401,125
416,128, 421,120
416,144, 421,135
416,160, 409,168
416,176, 412,160
416,192, 416,199
416,208, 409,210
416,224, 417,217
416,240, 409,245
416,256, 408,265
416,272, 408,284
416,288, 404,279
416,304, 401,304
416,320, 405,328
416,336, 421,341
416,352, 424,360
416,368, 404,364
416,384, 425,388
416,400, 416,413
416,416, 400,420
416,432, 408,437
416,448, 417,440
416,464, 412,456
416,480, 412,482
416,496, 428,490
416,512, 412,509
416,528, 404,515
416,544, 416,531
416,560, 429,556
416,576, 401,566
416,592, 408,599
416,608, 428,607
416,624, 401,629
416,640, 409,628
416,656, 401,650
416,672, 401,669
432,16, 445,30
432,32, 432,16
432,48, 421,55
432,64, 421,61
432,80, 417,93
432,96, 424,105
432,112, 421,119
432,128, 433,114
432,144, 440,135
432,160, 445,162
432,176, 420,183
432,192, 429,196
432,208, 425,202
432,224, 429,236
432,240, 424,227
432,256, 416,243
432,272, 436,261
432,288, 416,276
432,304, 429,302
432,320, 420,305
432,336, 420,338
432,352, 429,346
432,368, 436,374
432,384, 428,373
432,400, 417,410
432,416, 416,417
432,432, 417,442
432,448, 416,445
432,464, 429,476
432,480, 420,478
432,496, 421,500
432,512, 417,518
432,528, 421,538
432,544, 429,539
432,560, 424,564
432,576, 444,568
432,592, 432,590
432,608, 421,612
432,624, 436,609
432,640, 417,655
432,656, 416,655
432,672, 433,672
448,16, 433,12
448,32, 449,47
448,48, 436,32
448,64, 456,53
448,80, 437,78
448,96, 436,88
448,112, 432,109
448,128, 445,142
448,144, 456,151
448,160, 440,173
448,176, 432,190
448,192, 440,185
448,208, 432,209
448,224, 456,210
448,240, 440,242
448,256, 457,259
448,272, 433,280
448,288, 456,280
448,304, 441,306
448,320, 457,310
448,336, 432,337
448,352, 436,354
448,368, 433,363
448,384, 433,368
448,400, 444,408
448,416, 449,420
448,432, 437,446
448,448, 433,453
448,464, 452,471
448,480, 433,464
448,496, 444,487
448,512, 456,497
448,528, 448,527
448,544, 445,534
448,560, 444,566
448,576, 432,565
448,592, 433,606
448,608, 432,605
448,624, 433,618
448,640, 433,646
448,656, 448,646
448,672, 457,660
464,16, 452,27
464,32, 464,32
464,48, 456,33
464,64, 457,64
464,80, 448,76
464,96, 457,80
464,112, 453,106
464,128, 465,131
464,144, 465,132
464,160, 464,149
464,176, 448,160
464,192, 453,193
464,208, 452,194
464,224, 452,219
464,240, 464,250
464,256, 469,263
464,272, 453,266
464,288, 456,287
464,304, 456,289
464,320, 464,311
464,336, 461,351
464,352, 449,344
464,368, 457,382
464,384, 456,381
464,400, 449,399
464,416, 465,423
464,432, 448,421
464,448, 457,435
464,464, 468,470
464,480, 452,479
464,496, 452,494
464,512, 449,507
464,528, 453,534
464,544, 469,551
464,560, 461,558
464,576, 448,575
464,592, 469,599
464,608, 468,621
464,624, 456,608
464,640, 473,642
464,656, 477,643
464,672, 448,661
480,16, 464,21
480,32, 469,20
480,48, 473,46
480,64, 489,68
480,80, 477,69
480,96, 469,90
480,112, 465,123
480,128, 477,133
480,144, 469,158
480,160, 464,157
480,176, 481,168
480,192, 480,206
480,208, 472,198
480,224, 468,239
480,240, 465,230
480,256, 473,247
480,272, 492,266
480,288, 472,273
480,304, 472,303
480,320, 481,308
480,336, 465,331
480,352, 468,358
480,368, 464,361
480,384, 485,371
480,400, 464,414
480,416, 485,420
480,432, 464,445
480,448, 476,457
480,464, 464,452
480,480, 465,484
480,496, 473,480
480,512, 464,514
480,528, 488,514
480,544, 484,552
480,560, 485,568
480,576, 464,579
480,592, 468,592
480,608, 464,596
480,624, 476,624
480,640, 473,651
480,656, 473,647
480,672, 473,683
496,16, 484,16
496,32, 485,24
496,48, 509,44
496,64, 493,54
496,80, 480,92
496,96, 489,103
496,112, 484,119
496,128, 497,134
496,144, 484,158
496,160, 500,172
496,176, 485,191
496,192, 485,180
496,208, 500,216
496,224, 480,213
496,240, 493,238
496,256, 501,251
496,272, 488,259
496,288, 504,298
496,304, 485,318
496,320, 500,323
496,336, 484,348
496,352, 500,346
496,368, 489,361
496,384, 484,377
496,400, 489,405
496,416, 480,429
496,432, 480,440
496,448, 481,451
496,464, 496,475
496,480, 484,465
496,496, 480,511
496,512, 484,516
496,528, 493,533
496,544, 492,539
496,560, 480,552
496,576, 493,560
496,592, 480,582
496,608, 496,619
496,624, 484,615
496,640, 485,640
496,656, 488,659
496,672, 497,662
512,16, 500,5
512,32, 512,28
512,48, 497,58
512,64, 517,75
512,80, 512,83
512,96, 497,84
512,112, 508,97
512,128, 504,139
512,144, 508,128
512,160, 521,144
512,176, 497,191
512,192, 501,186
512,208, 496,201
512,224, 500,209
512,240, 513,247
512,256, 509,267
512,272, 516,285
512,288, 496,300
512,304, 509,319
512,320, 504,314
512,336, 505,333
512,352, 501,345
512,368, 508,372
512,384, 497,386
512,400, 500,405
512,416, 501,423
512,432, 508,435
512,448, 508,441
512,464, 516,455
512,480, 512,487
512,496, 521,503
512,512, 497,508
512,528, 497,543
512,544, 497,531
512,560, 508,569
512,576, 505,580
512,592, 517,596
512,608, 500,621
512,624, 525,621
512,640, 516,625
512,656, 524,647
512,672, 500,687
528,16, 516,20
528,32, 536,25
528,48, 532,59
528,64, 529,66
528,80, 520,66
528,96, 516,85
528,112, 516,118
528,128, 524,140
528,144, 513,143
528,160, 513,155
528,176, 541,162
528,192, 512,199
528,208, 521,202
528,224, 513,218
528,240, 517,250
528,256, 516,250
528,272, 521,283
528,288, 516,281
528,304, 540,318
528,320, 520,312
528,336, 512,331
528,352, 521,352
528,368, 513,363
528,384, 528,369
528,400, 536,415
528,416, 520,431
528,432, 520,418
528,448, 517,441
528,464, 517,479
528,480, 528,494
528,496, 520,504
528,512, 512,510
528,528, 524,527
528,544, 516,539
528,560, 520,554
528,576, 517,568
528,592, 516,578
528,608, 532,613
528,624, 529,621
528,640, 513,642
528,656, 532,671
528,672, 536,660
544,16, 533,3
544,32, 528,35
544,48, 545,55
544,64, 529,50
544,80, 548,80
544,96, 541,83
544,112, 540,96
544,128, 544,140
544,144, 528,157
544,160, 532,145
544,176, 544,166
544,192, 532,202
544,208, 545,208
544,224, 536,212
544,240, 529,226
544,256, 532,267
544,272, 533,259
544,288, 549,287
544,304, 545,295
544,320, 532,333
544,336, 532,342
544,352, 533,340
544,368, 532,381
544,384, 528,388
544,400, 528,398
544,416, 532,418
544,432, 528,429
544,448, 548,454
544,464, 544,471
544,480, 528,480
544,496, 528,511
544,512, 528,521
544,528, 528,524
544,544, 533,549
544,560, 553,565
544,576, 529,563
544,592, 533,585
544,608, 553,595
544,624, 549,608
544,640, 528,626
544,656, 533,649
544,672, 537,676
560,16, 564,5
560,32, 557,24
560,48, 552,53
560,64, 548,63
560,80, 548,71
560,96, 545,83
560,112, 561,116
560,128, 544,112
560,144, 573,156
560,160, 553,165
560,176, 544,168
560,192, 565,196
560,208, 564,195
560,224, 572,229
560,240, 556,248
560,256, 572,252
560,272, 553,274
560,288, 544,272
560,304, 548,318
560,320, 568,319
560,336, 572,336
560,352, 548,348
560,368, 564,368
560,384, 545,378
560,400, 545,410
560,416, 545,412
560,432, 556,419
560,448, 568,454
560,464, 545,474
560,480, 564,479
560,496, 545,509
560,512, 560,526
560,528, 565,528
560,544, 548,555
560,560, 544,572
560,576, 572,568
560,592, 552,591
560,608, 545,597
560,624, 569,638
560,640, 552,645
560,656, 560,671
560,672, 545,662
576,16, 560,15
576,32, 569,28
576,48, 565,53
576,64, 560,77
576,80, 569,92
576,96, 568,106
576,112, 560,124
576,128, 573,121
576,144, 569,148
576,160, 565,162
576,176, 572,177
576,192, 584,177
576,208, 565,197
576,224, 572,208
576,240, 580,243
576,256, 568,266
576,272, 576,274
576,288, 577,287
576,304, 560,288
576,320, 564,317
576,336, 569,347
576,352, 560,342
576,368, 561,364
576,384, 565,383
576,400, 565,410
576,416, 560,421
576,432, 560,425
576,448, 568,448
576,464, 561,472
576,480, 577,483
576,496, 564,493
576,512, 568,516
576,528, 564,538
576,544, 564,529
576,560, 565,562
576,576, 564,566
576,592, 560,576
576,608, 573,608
576,624, 560,634
576,640, 584,630
576,656, 564,669
576,672, 564,658
592,16, 592,17
592,32, 580,16
592,48, 600,32
592,64, 580,55
592,80, 580,80
592,96, 597,99
592,112, 576,123
592,128, 601,130
592,144, 588,132
592,160, 577,167
592,176, 597,190
592,192, 605,188
592,208, 605,207
592,224, 581,210
592,240, 577,229
592,256, 577,250
592,272, 576,276
592,288, 577,272
592,304, 581,292
592,320, 600,314
592,336, 576,321
592,352, 600,360
592,368, 596,369
592,384, 584,380
592,400, 580,403
592,416, 580,400
592,432, 601,445
592,448, 593,446
592,464, 581,455
592,480, 601,477
592,496, 580,494
592,512, 589,503
592,528, 585,519
592,544, 593,531
592,560, 576,572
592,576, 592,585
592,592, 576,577
592,608, 588,623
592,624, 604,624
592,640, 584,638
592,656, 577,642
592,672, 576,684
608,16, 604,28
608,32, 593,43
608,48, 593,47
608,64, 609,56
608,80, 608,78
608,96, 605,85
608,112, 608,106
608,128, 597,133
608,144, 597,154
608,160, 592,154
608,176, 604,170
608,192, 612,201
608,208, 592,214
608,224, 617,223
608,240, 604,236
608,256, 592,270
608,272, 608,276
608,288, 592,294
608,304, 616,293
608,320, 613,325
608,336, 596,324
608,352, 597,339
608,368, 592,363
608,384, 609,397
608,400, 593,407
608,416, 593,400
608,432, 616,445
608,448, 605,443
608,464, 613,461
608,480, 604,473
608,496, 605,503
608,512, 593,496
608,528, 608,521
608,544, 596,557
608,560, 604,555
608,576, 617,570
608,592, 592,593
608,608, 613,594
608,624, 601,632
608,640, 617,636
608,656, 605,652
608,672, 592,662
624,16, 609,31
624,32, 629,29
624,48, 625,37
624,64, 632,55
624,80, 608,69
624,96, 608,92
624,112, 616,122
624,128, 613,124
624,144, 616,153
624,160, 612,159
624,176, 617,164
624,192, 625,177
624,208, 621,194
624,224, 616,214
624,240, 624,240
624,256, 616,242
624,272, 612,272
624,288, 609,275
624,304, 637,310
624,320, 613,316
624,336, 620,329
624,352, 613,367
624,368, 625,383
624,384, 613,375
624,400, 616,403
624,416, 616,402
624,432, 636,438
624,448, 621,449
624,464, 608,460
624,480, 608,487
624,496, 629,487
624,512, 628,514
624,528, 612,524
624,544, 617,533
624,560, 620,575
624,576, 637,566
624,592, 617,601
624,608, 608,604
624,624, 616,626
624,640, 608,645
624,656, 612,653
624,672, 613,677
640,16, 625,4
640,32, 633,39
640,48, 648,44
640,64, 629,77
640,80, 628,90
640,96, 624,81
640,112, 641,105
640,128, 624,127
640,144, 628,142
640,160, 641,170
640,176, 641,183
640,192, 633,203
640,208, 629,199
640,224, 624,213
640,240, 632,240
640,256, 637,259
640,272, 636,271
640,288, 624,290
640,304, 628,310
640,320, 649,315
640,336, 637,329
640,352, 624,363
640,368, 624,383
640,384, 625,372
640,400, 632,386
640,416, 633,415
640,432, 624,419
640,448, 636,437
640,464, 648,464
640,480, 641,480
640,496, 640,490
640,512, 629,516
640,528, 629,523
640,544, 624,547
640,560, 624,572
640,576, 625,591
640,592, 624,601
640,608, 625,599
640,624, 625,616
640,640, 640,637
640,656, 624,649
640,672, 636,664
656,16, 644,14
656,32, 640,22
656,48, 652,55
656,64, 640,77
656,80, 641,66
656,96, 653,95
656,112, 640,115
656,128, 656,119
656,144, 645,146
656,160, 645,157
656,176, 640,187
656,192, 661,202
656,208, 645,204
656,224, 641,230
656,240, 657,250
656,256, 661,253
656,272, 649,265
656,288, 664,285
656,304, 657,312
656,320, 649,322
656,336, 669,334
656,352, 660,338
656,368, 661,364
656,384, 640,386
656,400, 649,413
656,416, 660,428
656,432, 641,435
656,448, 648,461
656,464, 648,474
656,480, 661,468
656,496, 641,489
656,512, 644,499
656,528, 661,512
656,544, 645,533
656,560, 653,566
656,576, 652,586
656,592, 640,591
656,608, 668,594
656,624, 649,622
656,640, 641,625
656,656, 641,654
656,672, 640,674
672,16, 681,1
672,32, 657,41
672,48, 680,58
672,64, 657,51
672,80, 661,77
672,96, 676,101
672,112, 668,97
672,128, 684,143
672,144, 656,131
672,160, 672,159
672,176, 656,160
672,192, 680,176
672,208, 657,208
672,224, 656,212
672,240, 656,254
672,256, 664,249
672,272, 660,275
672,288, 657,301
672,304, 676,314
672,320, 665,310
672,336, 657,343
672,352, 657,336
672,368, 661,374
672,384, 668,374
672,400, 657,394
672,416, 656,407
672,432, 685,437
672,448, 672,457
672,464, 661,471
672,480, 672,474
672,496, 672,498
672,512, 657,499
672,528, 681,519
672,544, 660,552
672,560, 656,550
672,576, 657,569
672,592, 656,604
672,608, 656,596
672,624, 656,632
672,640, 657,624
672,656, 656,643
672,672, 656,660
688,16, 692,3
688,32, 685,25
688,48, 692,40
688,64, 676,73
688,80, 680,77
688,96, 672,100
688,112, 672,105
688,128, 681,127
688,144, 673,136
688,160, 676,157
688,176, 677,165
688,192, 689,206
688,208, 673,192
688,224, 676,214
688,240, 681,236
688,256, 673,266
688,272, 672,268
688,288, 672,299
688,304, 688,292
688,320, 672,319
688,336, 673,325
688,352, 672,364
688,368, 673,357
688,384, 676,383
688,400, 692,397
688,416, 685,415
688,432, 693,433
688,448, 696,449
688,464, 672,460
688,480, 677,476
688,496, 676,499
688,512, 688,519
688,528, 672,514
688,544, 676,547
688,560, 689,570
688,576, 696,565
688,592, 672,592
688,608, 688,601
688,624, 680,612
688,640, 677,642
688,656, 681,655
688,672, 688,675
704,16, 705,24
704,32, 705,27
704,48, 709,35
704,64, 704,79
704,80, 689,65
704,96, 688,100
704,112, 700,108
704,128, 693,136
704,144, 693,146
704,160, 693,151
704,176, 693,165
704,192, 692,206
704,208, 701,202
704,224, 688,236
704,240, 696,250
704,256, 688,250
704,272, 704,259
704,288, 716,290
704,304, 693,300
704,320, 700,314
704,336, 693,335
704,352, 689,367
704,368, 689,363
704,384, 696,378
704,400, 717,385
704,416, 701,411
704,432, 693,435
704,448, 700,444
704,464, 688,457
704,480, 689,487
704,496, 704,501
704,512, 709,515
704,528, 688,523
704,544, 717,528
704,560, 708,570
704,576, 705,568
704,592, 693,593
704,608, 717,595
704,624, 696,614
704,640, 701,629
704,656, 696,668
704,672, 704,661
720,16, 717,21
720,32, 733,40
720,48, 717,35
720,64, 716,61
720,80, 704,73
720,96, 733,93
720,112, 705,99
720,128, 716,135
720,144, 717,157
720,160, 716,153
720,176, 720,178
720,192, 704,185
720,208, 708,212
720,224, 717,215
720,240, 713,246
720,256, 725,268
720,272, 709,260
720,288, 704,290
720,304, 717,315
720,320, 704,308
720,336, 725,346
720,352, 716,340
720,368, 704,365
720,384, 720,377
720,400, 704,401
720,416, 712,414
720,432, 717,446
720,448, 708,451
720,464, 725,460
720,480, 708,464
720,496, 713,510
720,512, 705,524
720,528, 716,516
720,544, 717,551
720,560, 708,563
720,576, 720,583
720,592, 708,590
720,608, 733,616
720,624, 732,620
720,640, 717,653
720,656, 709,659
720,672, 716,681
736,16, 737,3
736,32, 744,18
736,48, 725,38
736,64, 732,56
736,80, 741,86
736,96, 733,108
736,112, 729,123
736,128, 741,117
736,144, 724,135
736,160, 729,144
736,176, 745,176
736,192, 733,201
736,208, 748,212
736,224, 732,229
736,240, 725,228
736,256, 740,253
736,272, 725,257
736,288, 720,288
736,304, 729,310
736,320, 737,327
736,336, 724,333
736,352, 737,347
736,368, 728,356
736,384, 728,398
736,400, 736,414
736,416, 720,419
736,432, 728,432
736,448, 720,442
736,464, 720,461
736,480, 721,475
736,496, 732,502
736,512, 740,514
736,528, 724,516
736,544, 733,532
736,560, 744,564
736,576, 724,590
736,592, 740,598
736,608, 732,599
736,624, 732,630
736,640, 737,638
736,656, 720,652
736,672, 724,665
752,16, 753,1
752,32, 745,24
752,48, 752,54
752,64, 760,62
752,80, 740,81
752,96, 752,104
752,112, 748,124
752,128, 765,133
752,144, 737,137
752,160, 756,163
752,176, 748,191
752,192, 760,183
752,208, 765,210
752,224, 741,234
752,240, 744,248
752,256, 752,257
752,272, 752,262
752,288, 748,287
752,304, 744,296
752,320, 749,326
752,336, 756,348
752,352, 741,361
752,368, 737,377
752,384, 764,382
752,400, 744,385
752,416, 749,416
752,432, 761,434
752,448, 764,460
752,464, 736,450
752,480, 753,473
752,496, 737,488
752,512, 748,499
752,528, 745,543
752,544, 741,556
752,560, 752,550
752,576, 736,569
752,592, 737,586
752,608, 736,599
752,624, 757,638
752,640, 740,635
752,656, 740,659
752,672, 765,677
768,16, 752,2
768,32, 753,33
768,48, 753,45
768,64, 768,49
768,80, 752,85
768,96, 764,89
768,112, 777,105
768,128, 756,143
768,144, 760,146
768,160, 760,153
768,176, 753,167
768,192, 760,192
768,208, 769,220
768,224, 769,229
768,240, 772,234
768,256, 765,245
768,272, 756,274
768,288, 752,281
768,304, 772,298
768,320, 753,332
768,336, 772,344
768,352, 773,345
768,368, 756,382
768,384, 756,394
768,400, 752,392
768,416, 756,405
768,432, 757,421
768,448, 757,432
768,464, 752,466
768,480, 757,478
768,496, 756,507
768,512, 752,508
768,528, 752,531
768,544, 761,559
768,560, 768,555
768,576, 757,584
768,592, 772,604
768,608, 761,612
768,624, 757,617
768,640, 761,628
768,656, 752,668
768,672, 752,666
784,16, 788,22
784,32, 776,16
784,48, 789,40
784,64, 769,77
784,80, 769,92
784,96, 784,89
784,112, 773,114
784,128, 784,143
784,144, 769,132
784,160, 796,171
784,176, 792,172
784,192, 780,180
784,208, 772,202
784,224, 792,231
784,240, 769,250
784,256, 769,269
784,272, 773,268
784,288, 776,293
784,304, 789,311
784,320, 776,314
784,336, 768,346
784,352, 780,338
784,368, 777,356
784,384, 781,394
784,400, 773,385
784,416, 768,412
784,432, 777,427
784,448, 768,461
784,464, 768,475
784,480, 769,474
784,496, 769,494
784,512, 776,514
784,528, 768,522
784,544, 785,545
784,560, 785,573
784,576, 784,563
784,592, 768,588
784,608, 772,601
784,624, 769,609
784,640, 773,652
784,656, 768,666
784,672, 769,682
800,16, 797,8
800,32, 788,43
800,48, 788,62
800,64, 785,62
800,80, 796,64
800,96, 805,84
800,112, 796,121
800,128, 789,141
800,144, 804,142
800,160, 809,161
800,176, 801,179
800,192, 789,185
800,208, 788,197
800,224, 796,214
800,240, 800,233
800,256, 788,256
800,272, 797,271
800,288, 792,281
800,304, 784,290
800,320, 789,324
800,336, 801,341
800,352, 789,350
800,368, 801,376
800,384, 801,377
800,400, 784,415
800,416, 785,417
800,432, 813,432
800,448, 788,463
800,464, 789,472
800,480, 785,484
800,496, 784,491
800,512, 792,518
800,528, 813,513
800,544, 796,543
800,560, 789,575
800,576, 809,574
800,592, 813,578
800,608, 784,594
800,624, 797,616
800,640, 800,644
800,656, 800,656
800,672, 808,684
816,16, 801,14
816,32, 804,23
816,48, 805,37
816,64, 805,64
816,80, 800,67
816,96, 812,106
816,112, 804,124
816,128, 804,130
816,144, 816,143
816,160, 804,167
816,176, 808,171
816,192, 804,198
816,208, 808,222
816,224, 805,235
816,240, 800,249
816,256, 812,260
816,272, 821,268
816,288, 808,300
816,304, 812,318
816,320, 824,330
816,336, 800,326
816,352, 812,359
816,368, 800,378
816,384, 817,381
816,400, 828,387
816,416, 809,420
816,432, 800,422
816,448, 813,460
816,464, 800,466
816,480, 816,474
816,496, 805,497
816,512, 804,517
816,528, 808,532
816,544, 808,552
816,560, 805,559
816,576, 801,562
816,592, 800,596
816,608, 809,615
816,624, 828,620
816,640, 817,649
816,656, 800,667
816,672, 824,676
832,16, 824,7
832,32, 844,38
832,48, 837,52
832,64, 840,54
832,80, 825,70
832,96, 821,100
832,112, 821,106
832,128, 841,113
832,144, 821,144
832,160, 816,168
832,176, 840,168
832,192, 837,191
832,208, 816,221
832,224, 829,224
832,240, 816,232
832,256, 844,255
832,272, 836,265
832,288, 824,275
832,304, 837,304
832,320, 828,329
832,336, 833,345
832,352, 824,337
832,368, 837,376
832,384, 844,387
832,400, 844,396
832,416, 836,411
832,432, 828,443
832,448, 817,463
832,464, 817,466
832,480, 829,476
832,496, 825,491
832,512, 821,506
832,528, 828,522
832,544, 816,532
832,560, 840,556
832,576, 825,589
832,592, 829,584
832,608, 817,592
832,624, 829,638
832,640, 820,643
832,656, 841,664
832,672, 821,681
848,16, 857,2
848,32, 837,20
848,48, 832,52
848,64, 844,79
848,80, 849,82
848,96, 833,89
848,112, 832,127
848,128, 841,139
848,144, 832,137
848,160, 836,161
848,176, 852,168
848,192, 840,192
848,208, 852,217
848,224, 849,223
848,240, 836,255
848,256, 832,259
848,272, 853,273
848,288, 841,290
848,304, 833,316
848,320, 837,319
848,336, 849,346
848,352, 857,340
848,368, 837,382
848,384, 853,378
848,400, 836,413
848,416, 840,420
848,432, 849,420
848,448, 849,460
848,464, 853,453
848,480, 832,465
848,496, 852,487
848,512, 861,502
848,528, 849,524
848,544, 832,536
848,560, 852,566
848,576, 860,573
848,592, 832,581
848,608, 833,617
848,624, 832,613
848,640, 841,651
848,656, 853,648
848,672, 833,660
864,16, 857,6
864,32, 848,29
864,48, 853,53
864,64, 865,79
864,80, 853,94
864,96, 848,107
864,112, 853,109
864,128, 860,117
864,144, 865,152
864,160, 857,147
864,176, 877,178
864,192, 872,185
864,208, 849,222
864,224, 864,235
864,240, 865,229
864,256, 856,259
864,272, 848,275
864,288, 864,297
864,304, 853,319
864,320, 857,307
864,336, 852,325
864,352, 876,360
864,368, 852,366
864,384, 856,398
864,400, 852,410
864,416, 853,413
864,432, 868,433
864,448, 856,444
864,464, 853,458
864,480, 848,478
864,496, 848,485
864,512, 856,508
864,528, 852,542
864,544, 857,544
864,560, 861,546
864,576, 869,566
864,592, 852,582
864,608, 868,604
864,624, 868,630
864,640, 852,639
864,656, 872,640
864,672, 860,676
880,16, 865,24
880,32, 865,36
880,48, 876,35
880,64, 872,62
880,80, 864,78
880,96, 868,85
880,112, 873,113
880,128, 877,135
880,144, 873,132
880,160, 889,164
880,176, 865,190
880,192, 864,188
880,208, 864,207
880,224, 872,216
880,240, 869,230
880,256, 868,265
880,272, 864,282
880,288, 881,299
880,304, 864,292
880,320, 869,313
880,336, 869,339
880,352, 869,362
880,368, 868,362
880,384, 868,383
880,400, 872,384
880,416, 893,401
880,432, 888,446
880,448, 868,432
880,464, 869,478
880,480, 864,489
880,496, 865,487
880,512, 884,524
880,528, 864,516
880,544, 872,559
880,560, 885,570
880,576, 873,590
880,592, 868,580
880,608, 872,593
880,624, 880,631
880,640, 893,642
880,656, 872,662
880,672, 877,683
896,16, 896,12
896,32, 904,34
896,48, 897,52
896,64, 888,49
896,80, 884,94
896,96, 888,102
896,112, 897,110
896,128, 885,131
896,144, 880,134
896,160, 897,172
896,176, 880,165
896,192, 881,184
896,208, 881,222
896,224, 893,211
896,240, 909,252
896,256, 905,245
896,272, 901,275
896,288, 905,274
896,304, 881,290
896,320, 904,332
896,336, 885,350
896,352, 881,343
896,368, 884,377
896,384, 881,372
896,400, 888,385
896,416, 904,427
896,432, 888,424
896,448, 896,450
896,464, 881,476
896,480, 904,492
896,496, 893,495
896,512, 889,503
896,528, 889,515
896,544, 909,548
896,560, 909,550
896,576, 881,586
896,592, 908,580
896,608, 897,610
896,624, 881,619
896,640, 880,640
896,656, 880,654
896,672, 905,672
912,16, 897,6
912,32, 896,28
912,48, 896,46
912,64, 896,77
912,80, 912,89
912,96, 896,105
912,112, 904,96
912,128, 901,136
912,144, 897,147
912,160, 900,174
912,176, 904,160
912,192, 896,181
912,208, 905,212
912,224, 921,229
912,240, 900,239
912,256, 900,240
912,272, 908,268
912,288, 909,272
912,304, 901,300
912,320, 896,315
912,336, 913,327
912,352, 909,357
912,368, 912,373
912,384, 900,395
912,400, 924,404
912,416, 897,431
912,432, 897,434
912,448, 908,447
912,464, 896,461
912,480, 904,487
912,496, 896,493
912,512, 924,498
912,528, 913,521
912,544, 901,550
912,560, 908,546
912,576, 904,561
912,592, 908,595
912,608, 925,606
912,624, 916,618
912,640, 900,651
912,656, 897,640
912,672, 901,670
928,16, 932,17
928,32, 925,36
928,48, 912,45
928,64, 913,78
928,80, 924,68
928,96, 913,90
928,112, 913,105
928,128, 916,123
928,144, 921,147
928,160, 921,166
928,176, 912,167
928,192, 920,192
928,208, 917,202
928,224, 921,222
928,240, 929,241
928,256, 924,240
928,272, 929,282
928,288, 912,282
928,304, 920,314
928,320, 913,315
928,336, 921,346
928,352, 912,339
928,368, 920,375
928,384, 913,378
928,400, 912,400
928,416, 916,413
928,432, 917,435
928,448, 940,439
928,464, 937,475
928,480, 921,472
928,496, 920,510
928,512, 932,513
928,528, 917,518
928,544, 913,538
928,560, 928,571
928,576, 913,576
928,592, 921,595
928,608, 924,622
928,624, 920,635
928,640, 940,646
928,656, 913,642
928,672, 925,657
944,16, 929,7
944,32, 940,47
944,48, 928,60
944,64, 932,65
944,80, 944,75
944,96, 932,90
944,112, 948,98
944,128, 936,113
944,144, 956,133
944,160, 932,169
944,176, 944,166
944,192, 945,178
944,208, 932,218
944,224, 933,214
944,240, 929,239
944,256, 952,266
944,272, 953,283
944,288, 929,292
944,304, 945,313
944,320, 932,317
944,336, 928,338
944,352, 940,347
944,368, 933,379
944,384, 952,380
944,400, 929,401
944,416, 928,417
944,432, 941,416
944,448, 929,459
944,464, 932,471
944,480, 937,483
944,496, 953,497
944,512, 932,511
944,528, 932,529
944,544, 928,556
944,560, 937,547
944,576, 948,590
944,592, 952,577
944,608, 952,607
944,624, 937,634
944,640, 936,655
944,656, 940,648
944,672, 944,675
960,16, 948,31
960,32, 944,45
960,48, 969,62
960,64, 945,65
960,80, 957,81
960,96, 960,96
960,112, 948,100
960,128, 944,133
960,144, 964,140
960,160, 960,150
960,176, 960,185
960,192, 956,177
960,208, 953,203
960,224, 949,222
960,240, 945,246
960,256, 945,259
960,272, 945,264
960,288, 960,289
960,304, 948,296
960,320, 953,312
960,336, 969,342
960,352, 948,338
960,368, 944,380
960,384, 949,399
960,400, 945,384
960,416, 952,418
960,432, 953,425
960,448, 956,444
960,464, 968,459
960,480, 956,480
960,496, 960,483
960,512, 953,499
960,528, 960,531
960,544, 944,553
960,560, 956,568
960,576, 973,582
960,592, 944,595
960,608, 949,623
960,624, 968,630
960,640, 952,650
960,656, 960,653
960,672, 957,671
976,16, 961,10
976,32, 981,19
976,48, 972,39
976,64, 961,71
976,80, 965,92
976,96, 984,88
976,112, 977,120
976,128, 961,118
976,144, 981,148
976,160, 960,152
976,176, 965,185
976,192, 981,203
976,208, 968,193
976,224, 965,231
976,240, 965,246
976,256, 961,255
976,272, 988,256
976,288, 969,288
976,304, 968,293
976,320, 961,331
976,336, 972,327
976,352, 985,343
976,368, 964,357
976,384, 960,370
976,400, 960,400
976,416, 972,423
976,432, 961,437
976,448, 960,449
976,464, 976,458
976,480, 968,489
976,496, 984,488
976,512, 988,511
976,528, 980,516
976,544, 989,530
976,560, 960,559
976,576, 972,580
976,592, 988,599
976,608, 968,608
976,624, 961,611
976,640, 973,644
976,656, 973,660
976,672, 960,671
992,16, 977,0
992,32, 988,23
992,48, 985,41
992,64, 980,51
992,80, 980,80
992,96, 1004,81
992,112, 977,108
992,128, 976,117
992,144, 981,155
992,160, 977,170
992,176, 981,181
992,192, 984,185
992,208, 993,220
992,224, 1005,220
992,240, 980,255
992,256, 977,241
992,272, 976,261
992,288, 1001,284
992,304, 976,293
992,320, 996,322
992,336, 977,336
992,352, 981,355
992,368, 993,353
992,384, 976,396
992,400, 989,395
992,416, 996,419
992,432, 1001,429
992,448, 976,451
992,464, 1005,475
992,480, 984,464
992,496, 980,499
992,512, 988,513
992,528, 985,539
992,544, 977,532
992,560, 993,563
992,576, 981,567
992,592, 980,576
992,608, 993,615
992,624, 981,617
992,640, 996,630
992,656, 981,663
992,672, 997,657
1008,16, 996,7
1008,32, 993,38
1008,48, 1000,58
1008,64, 1001,74
1008,80, 1009,70
1008,96, 993,87
1008,112, 1008,105
1008,128, 1008,127
1008,144, 1009,153
1008,160, 997,144
1008,176, 1001,160
1008,192, 992,204
1008,208, 996,218
1008,224, 1013,234
1008,240, 1008,226
1008,256, 993,259
1008,272, 1016,278
1008,288, 997,274
1008,304, 1004,309
1008,320, 1005,328
1008,336, 1000,326
1008,352, 992,342
1008,368, 1013,371
1008,384, 1020,387
1008,400, 1009,400
1008,416, 1004,425
1008,432, 996,432
1008,448, 1005,436
1008,464, 1004,463
1008,480, 993,491
1008,496, 1005,480
1008,512, 992,508
1008,528, 993,525
1008,544, 993,552
1008,560, 1001,549
1008,576, 996,591
1008,592, 992,577
1008,608, 1000,600
1008,624, 992,627
1008,640, 1004,638
1008,656, 997,652
1008,672, 1005,686
1024,16, 1016,4
1024,32, 1029,18
1024,48, 1013,52
1024,64, 1012,73
1024,80, 1013,66
1024,96, 1017,96
1024,112, 1013,98
1024,128, 1025,118
1024,144, 1012,130
1024,160, 1017,174
1024,176, 1009,187
1024,192, 1008,194
1024,208, 1017,195
1024,224, 1013,235
1024,240, 1017,241
1024,256, 1012,247
1024,272, 1020,282
1024,288, 1037,298
1024,304, 1009,293
1024,320, 1017,334
1024,336, 1029,338
1024,352, 1017,338
1024,368, 1008,372
1024,384, 1009,378
1024,400, 1008,397
1024,416, 1012,401
1024,432, 1013,437
1024,448, 1029,459
1024,464, 1012,449
1024,480, 1008,491
1024,496, 1021,488
1024,512, 1025,509
1024,528, 1025,517
1024,544, 1024,551
1024,560, 1012,573
1024,576, 1012,573
1024,592, 1036,583
1024,608, 1008,618
1024,624, 1009,622
1024,640, 1013,636
1024,656, 1017,657
1024,672, 1017,673
1040,16, 1048,21
1040,32, 1025,20
1040,48, 1045,38
1040,64, 1044,71
1040,80, 1033,77
1040,96, 1045,107
1040,112, 1040,122
1040,128, 1029,139
1040,144, 1045,149
1040,160, 1045,144
1040,176, 1044,164
1040,192, 1028,191
1040,208, 1028,203
1040,224, 1041,233
1040,240, 1053,225
1040,256, 1036,261
1040,272, 1037,279
1040,288, 1036,302
1040,304, 1037,289
1040,320, 1028,322
1040,336, 1041,338
1040,352, 1029,363
1040,368, 1045,377
1040,384, 1032,393
1040,400, 1028,392
1040,416, 1025,426
1040,432, 1045,429
1040,448, 1029,454
1040,464, 1033,451
1040,480, 1029,495
1040,496, 1028,506
1040,512, 1033,496
1040,528, 1025,524
1040,544, 1032,541
1040,560, 1033,556
1040,576, 1049,585
1040,592, 1029,592
1040,608, 1029,603
1040,624, 1032,627
1040,640, 1037,627
1040,656, 1024,640
1040,672, 1032,671
1056,16, 1041,5
1056,32, 1041,16
1056,48, 1048,44
1056,64, 1049,49
1056,80, 1052,85
1056,96, 1064,108
1056,112, 1048,125
1056,128, 1056,118
1056,144, 1052,155
1056,160, 1040,166
1056,176, 1048,166
1056,192, 1049,205
1056,208, 1044,223
1056,224, 1049,226
1056,240, 1044,238
1056,256, 1048,263
1056,272, 1048,260
1056,288, 1040,277
1056,304, 1048,310
1056,320, 1060,326
1056,336, 1052,342
1056,352, 1041,344
1056,368, 1057,361
1056,384, 1040,376
1056,400, 1056,387
1056,416, 1052,428
1056,432, 1044,426
1056,448, 1052,434
1056,464, 1045,474
1056,480, 1041,472
1056,496, 1064,480
1056,512, 1040,516
1056,528, 1049,539
1056,544, 1048,547
1056,560, 1040,548
1056,576, 1040,579
1056,592, 1048,594
1056,608, 1065,592
1056,624, 1052,608
1056,640, 1044,632
1056,656, 1045,651
1056,672, 1044,670
1072,16, 1081,15
1072,32, 1076,45
1072,48, 1076,62
1072,64, 1056,72
1072,80, 1056,86
1072,96, 1056,94
1072,112, 1072,99
1072,128, 1057,123
1072,144, 1056,159
1072,160, 1081,157
1072,176, 1057,181
1072,192, 1056,194
1072,208, 1056,206
1072,224, 1080,225
1072,240, 1056,248
1072,256, 1061,270
1072,272, 1073,270
1072,288, 1061,296
1072,304, 1061,290
1072,320, 1056,328
1072,336, 1060,333
1072,352, 1065,366
1072,368, 1065,371
1072,384, 1057,398
1072,400, 1060,396
1072,416, 1060,408
1072,432, 1076,433
1072,448, 1060,456
1072,464, 1081,469
1072,480, 1065,465
1072,496, 1056,491
1072,512, 1069,503
1072,528, 1056,515
1072,544, 1064,544
1072,560, 1060,555
1072,576, 1072,582
1072,592, 1064,596
1072,608, 1077,608
1072,624, 1060,636
1072,640, 1065,632
1072,656, 1056,659
1072,672, 1060,680
1088,16, 1089,16
1088,32, 1080,16
1088,48, 1076,50
1088,64, 1076,64
1088,80, 1073,72
1088,96, 1081,108
1088,112, 1093,119
1088,128, 1076,120
1088,144, 1080,154
1088,160, 1072,156
1088,176, 1081,188
1088,192, 1077,183
1088,208, 1072,210
1088,224, 1096,226
1088,240, 1072,236
1088,256, 1072,258
1088,272, 1088,276
1088,288, 1072,295
1088,304, 1093,311
1088,320, 1080,326
1088,336, 1073,335
1088,352, 1072,350
1088,368, 1077,368
1088,384, 1097,393
1088,400, 1096,407
1088,416, 1076,426
1088,432, 1080,438
1088,448, 1080,439
1088,464, 1088,448
1088,480, 1081,481
1088,496, 1073,487
1088,512, 1088,526
1088,528, 1077,532
1088,544, 1072,556
1088,560, 1097,574
1088,576, 1072,591
1088,592, 1072,579
1088,608, 1088,617
1088,624, 1077,614
1088,640, 1085,626
1088,656, 1073,651
1088,672, 1077,658
1104,16, 1092,8
1104,32, 1089,30
1104,48, 1112,49
1104,64, 1088,55
1104,80, 1097,74
1104,96, 1101,93
1104,112, 1108,108
1104,128, 1108,130
1104,144, 1117,136
1104,160, 1101,159
1104,176, 1089,177
1104,192, 1088,177
1104,208, 1096,196
1104,224, 1088,233
1104,240, 1096,247
1104,256, 1104,271
1104,272, 1097,280
1104,288, 1112,298
1104,304, 1093,303
1104,320, 1108,325
1104,336, 1088,330
1104,352, 1101,339
1104,368, 1096,353
1104,384, 1100,376
1104,400, 1093,397
1104,416, 1104,403
1104,432, 1089,443
1104,448, 1112,452
1104,464, 1092,458
1104,480, 1092,479
1104,496, 1101,490
1104,512, 1113,500
1104,528, 1093,541
1104,544, 1088,547
1104,560, 1093,556
1104,576, 1092,572
1104,592, 1093,604
1104,608, 1089,621
1104,624, 1101,613
1104,640, 1088,643
1104,656, 1089,654
1104,672, 1096,669
1120,16, 1124,0
1120,32, 1108,25
1120,48, 1133,35
1120,64, 1104,63
1120,80, 1129,88
1120,96, 1120,95
1120,112, 1108,127
1120,128, 1112,142
1120,144, 1104,132
1120,160, 1120,148
1120,176, 1128,188
1120,192, 1105,196
1120,208, 1120,202
1120,224, 1112,235
1120,240, 1121,228
1120,256, 1108,245
1120,272, 1112,287
1120,288, 1109,302
1120,304, 1120,313
1120,320, 1117,317
1120,336, 1116,333
1120,352, 1124,363
1120,368, 1125,370
1120,384, 1104,390
1120,400, 1133,399
1120,416, 1109,427
1120,432, 1132,432
1120,448, 1116,442
1120,464, 1112,472
1120,480, 1105,476
1120,496, 1113,490
1120,512, 1108,524
1120,528, 1112,522
1120,544, 1105,552
1120,560, 1105,548
1120,576, 1121,576
1120,592, 1129,598
1120,608, 1108,621
1120,624, 1116,613
1120,640, 1120,624
1120,656, 1112,669
1120,672, 1116,662
1136,16, 1132,4
1136,32, 1145,43
1136,48, 1124,33
1136,64, 1124,49
1136,80, 1120,86
1136,96, 1129,93
1136,112, 1137,105
1136,128, 1125,142
1136,144, 1120,137
1136,160, 1137,164
1136,176, 1124,172
1136,192, 1133,180
1136,208, 1129,207
1136,224, 1149,238
1136,240, 1133,242
1136,256, 1125,267
1136,272, 1128,262
1136,288, 1120,281
1136,304, 1145,313
1136,320, 1129,329
1136,336, 1128,324
1136,352, 1121,349
1136,368, 1124,373
1136,384, 1120,397
1136,400, 1140,407
1136,416, 1121,419
1136,432, 1128,428
1136,448, 1120,445
1136,464, 1125,457
1136,480, 1144,484
1136,496, 1120,485
1136,512, 1124,504
1136,528, 1133,522
1136,544, 1121,545
1136,560, 1133,544
1136,576, 1120,564
1136,592, 1128,583
1136,608, 1149,615
1136,624, 1128,622
1136,640, 1120,632
1136,656, 1129,664
1136,672, 1140,686
1152,16, 1149,11
1152,32, 1141,21
1152,48, 1136,63
1152,64, 1136,65
1152,80, 1137,75
1152,96, 1140,81
1152,112, 1145,116
1152,128, 1145,131
1152,144, 1145,133
1152,160, 1140,146
1152,176, 1137,164
1152,192, 1137,200
1152,208, 1160,211
1152,224, 1145,234
1152,240, 1145,253
1152,256, 1137,243
1152,272, 1136,259
1152,288, 1153,302
1152,304, 1145,293
1152,320, 1145,306
1152,336, 1144,334
1152,352, 1149,345
1152,368, 1153,367
1152,384, 1149,399
1152,400, 1152,393
1152,416, 1145,424
1152,432, 1136,424
1152,448, 1153,449
1152,464, 1137,473
1152,480, 1141,484
1152,496, 1140,484
1152,512, 1137,526
1152,528, 1152,539
1152,544, 1141,538
1152,560, 1165,567
1152,576, 1145,574
1152,592, 1136,586
1152,608, 1148,619
1152,624, 1140,639
1152,640, 1137,629
1152,656, 1153,658
1152,672, 1153,664
1168,16, 1153,13
1168,32, 1152,26
1168,48, 1172,55
1168,64, 1173,70
1168,80, 1153,82
1168,96, 1165,108
1168,112, 1156,105
1168,128, 1153,120
1168,144, 1165,142
1168,160, 1152,151
1168,176, 1169,162
1168,192, 1153,187
1168,208, 1152,192
1168,224, 1168,221
1168,240, 1156,248
1168,256, 1173,263
1168,272, 1157,285
1168,288, 1156,294
1168,304, 1161,305
1168,320, 1181,314
1168,336, 1164,334
1168,352, 1173,348
1168,368, 1157,382
1168,384, 1157,387
1168,400, 1173,413
1168,416, 1152,412
1168,432, 1152,431
1168,448, 1160,462
1168,464, 1156,449
1168,480, 1153,494
1168,496, 1160,493
1168,512, 1160,527
1168,528, 1152,522
1168,544, 1161,552
1168,560, 1164,544
1168,576, 1152,565
1168,592, 1181,582
1168,608, 1152,606
1168,624, 1156,620
1168,640, 1172,640
1168,656, 1169,661
1168,672, 1160,673
1184,16, 1169,10
1184,32, 1189,44
1184,48, 1188,60
1184,64, 1180,62
1184,80, 1173,77
1184,96, 1168,84
1184,112, 1177,111
1184,128, 1176,140
1184,144, 1196,151
1184,160, 1172,162
1184,176, 1177,189
1184,192, 1177,191
1184,208, 1173,207
1184,224, 1176,224
1184,240, 1189,255
1184,256, 1169,260
1184,272, 1192,270
1184,288, 1196,275
1184,304, 1168,309
1184,320, 1168,312
1184,336, 1173,341
1184,352, 1169,339
1184,368, 1168,373
1184,384, 1176,373
1184,400, 1173,407
1184,416, 1172,423
1184,432, 1176,427
1184,448, 1173,440
1184,464, 1177,456
1184,480, 1169,467
1184,496, 1185,484
1184,512, 1176,509
1184,528, 1176,529
1184,544, 1172,548
1184,560, 1169,562
1184,576, 1184,562
1184,592, 1197,604
1184,608, 1172,596
1184,624, 1173,634
1184,640, 1176,644
1184,656, 1185,652
1184,672, 1173,656
1200,16, 1212,14
1200,32, 1185,46
1200,48, 1209,41
1200,64, 1201,76
1200,80, 1196,93
1200,96, 1189,93
1200,112, 1185,121
1200,128, 1185,135
1200,144, 1197,142
1200,160, 1193,152
1200,176, 1189,165
1200,192, 1189,203
1200,208, 1188,208
1200,224, 1184,239
1200,240, 1185,231
1200,256, 1184,254
1200,272, 1185,266
1200,288, 1192,278
1200,304, 1189,301
1200,320, 1204,333
1200,336, 1192,320
1200,352, 1184,349
1200,368, 1189,362
1200,384, 1188,379
1200,400, 1185,400
1200,416, 1192,414
1200,432, 1213,423
1200,448, 1184,437
1200,464, 1196,449
1200,480, 1196,494
1200,496, 1201,480
1200,512, 1204,499
1200,528, 1201,519
1200,544, 1184,542
1200,560, 1205,558
1200,576, 1193,586
1200,592, 1185,603
1200,608, 1185,603
1200,624, 1188,622
1200,640, 1192,648
1200,656, 1193,641
1200,672, 1208,656
1216,16, 1216,27
1216,32, 1212,23
1216,48, 1213,42
1216,64, 1205,51
1216,80, 1213,91
1216,96, 1200,102
1216,112, 1201,111
1216,128, 1205,117
1216,144, 1205,133
1216,160, 1201,163
1216,176, 1225,163
1216,192, 1201,190
1216,208, 1200,203
1216,224, 1200,216
1216,240, 1208,239
1216,256, 1209,241
1216,272, 1217,278
1216,288, 1217,287
1216,304, 1216,302
1216,320, 1209,328
1216,336, 1200,330
1216,352, 1201,355
1216,368, 1208,374
1216,384, 1213,389
1216,400, 1204,394
1216,416, 1204,422
1216,432, 1204,419
1216,448, 1200,451
1216,464, 1216,469
1216,480, 1213,480
1216,496, 1217,500
1216,512, 1200,504
1216,528, 1213,525
1216,544, 1216,549
1216,560, 1201,553
1216,576, 1209,570
1216,592, 1204,602
1216,608, 1213,620
1216,624, 1205,625
1216,640, 1221,653
1216,656, 1204,641
1216,672, 1201,667
1232,16, 1220,24
1232,32, 1225,17
1232,48, 1221,50
1232,64, 1216,69
1232,80, 1216,85
1232,96, 1240,84
1232,112, 1220,103
1232,128, 1225,123
1232,144, 1224,138
1232,160, 1229,147
1232,176, 1216,180
1232,192, 1220,187
1232,208, 1228,211
1232,224, 1217,223
1232,240, 1233,244
1232,256, 1245,246
1232,272, 1217,263
1232,288, 1229,274
1232,304, 1245,298
1232,320, 1220,327
1232,336, 1229,344
1232,352, 1217,336
1232,368, 1228,383
1232,384, 1216,398
1232,400, 1233,402
1232,416, 1217,404
1232,432, 1216,439
1232,448, 1221,455
1232,464, 1228,456
1232,480, 1233,490
1232,496, 1229,486
1232,512, 1220,504
1232,528, 1232,515
1232,544, 1237,535
1232,560, 1220,552
1232,576, 1240,587
1232,592, 1217,603
1232,608, 1217,611
1232,624, 1216,615
1232,640, 1220,649
1232,656, 1216,666
1232,672, 1229,659
1248,16, 1248,5
1248,32, 1232,47
1248,48, 1252,52
1248,64, 1232,63
1248,80, 1256,70
1248,96, 1232,98
1248,112, 1232,107
1248,128, 1232,129
1248,144, 1237,157
1248,160, 1236,150
1248,176, 1237,181
1248,192, 1252,185
1248,208, 1253,203
1248,224, 1256,216
1248,240, 1240,254
1248,256, 1241,270
1248,272, 1241,274
1248,288, 1248,275
1248,304, 1236,300
1248,320, 1232,311
1248,336, 1252,326
1248,352, 1244,354
1248,368, 1252,353
1248,384, 1236,387
1248,400, 1240,402
1248,416, 1260,420
1248,432, 1252,418
1248,448, 1240,432
1248,464, 1236,455
1248,480, 1260,493
1248,496, 1240,506
1248,512, 1233,498
1248,528, 1236,531
1248,544, 1232,528
1248,560, 1244,558
1248,576, 1232,569
1248,592, 1232,584
1248,608, 1232,623
1248,624, 1233,625
1248,640, 1237,629
1248,656, 1256,650
1248,672, 1236,664
1264,16, 1277,13
1264,32, 1272,43
1264,48, 1253,62
1264,64, 1256,77
1264,80, 1269,71
1264,96, 1252,94
1264,112, 1269,124
1264,128, 1249,128
1264,144, 1252,150
1264,160, 1260,148
1264,176, 1248,165
1264,192, 1252,184
1264,208, 1264,210
1264,224, 1260,213
1264,240, 1260,244
1264,256, 1249,266
1264,272, 1269,281
1264,288, 1272,291
1264,304, 1249,295
1264,320, 1268,305
1264,336, 1252,326
1264,352, 1276,364
1264,368, 1261,359
1264,384, 1248,391
1264,400, 1261,412
1264,416, 1269,403
1264,432, 1248,447
1264,448, 1252,453
1264,464, 1253,472
1264,480, 1256,484
1264,496, 1248,500
1264,512, 1253,516
1264,528, 1264,541
1264,544, 1248,530
1264,560, 1252,549
1264,576, 1264,591
1264,592, 1248,591
1264,608, 1253,603
1264,624, 1269,616
1264,640, 1257,636
1264,656, 1249,641
1264,672, 1256,686
1280,16, 1273,3
1280,32, 1265,42
1280,48, 1284,49
1280,64, 1265,74
1280,80, 1264,78
1280,96, 1268,86
1280,112, 1265,104
1280,128, 1285,125
1280,144, 1273,146
1280,160, 1285,149
1280,176, 1264,176
1280,192, 1284,181
1280,208, 1265,203
1280,224, 1281,208
1280,240, 1265,243
1280,256, 1285,249
1280,272, 1284,259
1280,288, 1280,299
1280,304, 1273,293
1280,320, 1288,331
1280,336, 1272,334
1280,352, 1280,352
1280,368, 1264,376
1280,384, 1277,390
1280,400, 1272,408
1280,416, 1272,429
1280,432, 1268,446
1280,448, 1265,463
1280,464, 1289,462
1280,480, 1268,479
1280,496, 1268,486
1280,512, 1276,516
1280,528, 1264,538
1280,544, 1264,529
1280,560, 1285,567
1280,576, 1284,583
1280,592, 1281,597
1280,608, 1265,606
1280,624, 1285,630
1280,640, 1264,641
1280,656, 1269,652
1280,672, 1268,672
1296,16, 1280,29
1296,32, 1288,45
1296,48, 1284,58
1296,64, 1285,70
1296,80, 1285,69
1296,96, 1284,107
1296,112, 1292,126
1296,128, 1300,122
1296,144, 1285,130
1296,160, 1281,159
1296,176, 1292,165
1296,192, 1301,185
1296,208, 1280,198
1296,224, 1281,232
1296,240, 1289,235
1296,256, 1300,251
1296,272, 1284,277
1296,288, 1280,280
1296,304, 1285,318
1296,320, 1284,307
1296,336, 1281,321
1296,352, 1284,360
1296,368, 1288,365
1296,384, 1297,376
1296,400, 1280,386
1296,416, 1284,430
1296,432, 1288,440
1296,448, 1296,449
1296,464, 1289,465
1296,480, 1304,478
1296,496, 1288,499
1296,512, 1308,504
1296,528, 1309,539
1296,544, 1280,530
1296,560, 1288,548
1296,576, 1280,583
1296,592, 1285,591
1296,608, 1281,609
1296,624, 1288,638
1296,640, 1297,644
1296,656, 1280,671
1296,672, 1285,661
1312,16, 1317,0
1312,32, 1301,46
1312,48, 1312,34
1312,64, 1300,72
1312,80, 1296,64
1312,96, 1313,102
1312,112, 1321,101
1312,128, 1309,129
1312,144, 1316,152
1312,160, 1316,168
1312,176, 1300,175
1312,192, 1300,200
1312,208, 1305,203
1312,224, 1317,235
1312,240, 1304,241
1312,256, 1297,245
1312,272, 1312,284
1312,288, 1304,295
1312,304, 1313,312
1312,320, 1304,325
1312,336, 1300,328
1312,352, 1304,362
1312,368, 1301,359
1312,384, 1305,369
1312,400, 1296,404
1312,416, 1297,429
1312,432, 1313,441
1312,448, 1297,462
1312,464, 1297,469
1312,480, 1297,472
1312,496, 1312,500
1312,512, 1300,510
1312,528, 1296,519
1312,544, 1320,551
1312,560, 1320,574
1312,576, 1296,561
1312,592, 1300,600
1312,608, 1297,599
1312,624, 1317,613
1312,640, 1297,636
1312,656, 1296,640
1312,672, 1300,675
1328,16, 1313,8
1328,32, 1316,47
1328,48, 1325,34
1328,64, 1321,52
1328,80, 1317,70
1328,96, 1316,93
1328,112, 1332,122
1328,128, 1317,140
1328,144, 1316,142
1328,160, 1324,160
1328,176, 1312,176
1328,192, 1325,196
1328,208, 1316,221
1328,224, 1337,213
1328,240, 1316,232
1328,256, 1317,246
1328,272, 1321,278
1328,288, 1312,300
1328,304, 1325,314
1328,320, 1316,317
1328,336, 1317,339
1328,352, 1316,344
1328,368, 1329,364
1328,384, 1321,368
1328,400, 1321,386
1328,416, 1313,419
1328,432, 1313,442
1328,448, 1325,461
1328,464, 1316,454
1328,480, 1324,490
1328,496, 1316,489
1328,512, 1337,524
1328,528, 1337,514
1328,544, 1320,550
1328,560, 1324,557
1328,576, 1313,582
1328,592, 1317,597
1328,608, 1329,621
1328,624, 1313,615
1328,640, 1317,642
1328,656, 1317,666
1328,672, 1312,676
1344,16, 1328,23
1344,32, 1333,40
1344,48, 1356,63
1344,64, 1337,75
1344,80, 1349,94
1344,96, 1353,103
1344,112, 1337,109
1344,128, 1329,140
1344,144, 1345,132
1344,160, 1349,146
1344,176, 1329,167
1344,192, 1344,178
1344,208, 1349,220
1344,224, 1340,222
1344,240, 1328,246
1344,256, 1352,270
1344,272, 1328,264
1344,288, 1329,282
1344,304, 1328,292
1344,320, 1345,316
1344,336, 1332,330
1344,352, 1352,358
1344,368, 1352,380
1344,384, 1341,370
1344,400, 1333,386
1344,416, 1333,427
1344,432, 1344,426
1344,448, 1348,452
1344,464, 1328,476
1344,480, 1348,472
1344,496, 1337,499
1344,512, 1329,524
1344,528, 1336,526
1344,544, 1332,541
1344,560, 1336,558
1344,576, 1332,574
1344,592, 1352,599
1344,608, 1340,612
1344,624, 1337,621
1344,640, 1328,649
1344,656, 1332,666
1344,672, 1337,656
1360,16, 1344,25
1360,32, 1360,18
1360,48, 1348,43
1360,64, 1361,53
1360,80, 1356,84
1360,96, 1368,104
1360,112, 1368,117
1360,128, 1349,118
1360,144, 1348,131
1360,160, 1348,146
1360,176, 1345,190
1360,192, 1365,205
1360,208, 1348,214
1360,224, 1345,239
1360,240, 1356,236
1360,256, 1349,242
1360,272, 1369,271
1360,288, 1357,275
1360,304, 1360,290
1360,320, 1352,306
1360,336, 1344,326
1360,352, 1353,339
1360,368, 1352,367
1360,384, 1344,371
1360,400, 1348,412
1360,416, 1360,413
1360,432, 1368,423
1360,448, 1372,433
1360,464, 1353,474
1360,480, 1345,472
1360,496, 1369,505
1360,512, 1360,519
1360,528, 1344,537
1360,544, 1357,539
1360,560, 1345,560
1360,576, 1353,571
1360,592, 1348,584
1360,608, 1361,596
1360,624, 1357,627
1360,640, 1348,628
1360,656, 1368,646
1360,672, 1369,665
1376,16, 1360,1
1376,32, 1360,17
1376,48, 1360,63
1376,64, 1361,56
1376,80, 1361,87
1376,96, 1360,110
1376,112, 1369,126
1376,128, 1376,132
1376,144, 1369,155
1376,160, 1360,155
1376,176, 1388,189
1376,192, 1365,177
1376,208, 1365,206
1376,224, 1360,226
1376,240, 1361,232
1376,256, 1377,243
1376,272, 1361,262
1376,288, 1388,296
1376,304, 1365,303
1376,320, 1365,332
1376,336, 1376,346
1376,352, 1368,341
1376,368, 1369,370
1376,384, 1385,389
1376,400, 1376,387
1376,416, 1372,430
1376,432, 1373,419
1376,448, 1368,455
1376,464, 1361,460
1376,480, 1368,478
1376,496, 1360,491
1376,512, 1372,496
1376,528, 1365,522
1376,544, 1388,547
1376,560, 1384,564
1376,576, 1388,566
1376,592, 1360,582
1376,608, 1368,623
1376,624, 1361,623
1376,640, 1376,635
1376,656, 1360,664
1376,672, 1376,677
1392,16, 1376,28
1392,32, 1393,35
1392,48, 1380,59
1392,64, 1384,52
1392,80, 1404,66
1392,96, 1380,90
1392,112, 1396,115
1392,128, 1385,120
1392,144, 1377,133
1392,160, 1381,163
1392,176, 1376,175
1392,192, 1384,189
1392,208, 1380,195
1392,224, 1385,223
1392,240, 1393,242
1392,256, 1377,246
1392,272, 1388,257
1392,288, 1376,297
1392,304, 1404,296
1392,320, 1405,322
1392,336, 1376,333
1392,352, 1384,352
1392,368, 1376,365
1392,384, 1385,388
1392,400, 1384,406
1392,416, 1384,421
1392,432, 1380,441
1392,448, 1381,459
1392,464, 1377,468
1392,480, 1389,483
1392,496, 1381,495
1392,512, 1392,526
1392,528, 1380,542
1392,544, 1377,533
1392,560, 1393,575
1392,576, 1376,580
1392,592, 1380,607
1392,608, 1376,614
1392,624, 1385,635
1392,640, 1380,636
1392,656, 1380,641
1392,672, 1377,687
1408,16, 1405,0
1408,32, 1396,42
1408,48, 1417,38
1408,64, 1397,76
1408,80, 1405,89
1408,96, 1405,108
1408,112, 1401,120
1408,128, 1404,116
1408,144, 1417,132
1408,160, 1393,158
1408,176, 1393,174
1408,192, 1392,177
1408,208, 1397,199
1408,224, 1412,230
1408,240, 1416,234
1408,256, 1401,263
1408,272, 1401,256
1408,288, 1416,302
1408,304, 1420,297
1408,320, 1408,318
1408,336, 1417,347
1408,352, 1392,353
1408,368, 1400,374
1408,384, 1392,375
1408,400, 1413,404
1408,416, 1401,421
1408,432, 1417,421
1408,448, 1413,461
1408,464, 1393,451
1408,480, 1409,478
1408,496, 1412,484
1408,512, 1408,526
1408,528, 1405,521
1408,544, 1393,532
1408,560, 1392,554
1408,576, 1393,566
1408,592, 1393,598
1408,608, 1396,592
1408,624, 1405,616
1408,640, 1420,638
1408,656, 1404,640
1408,672, 1393,667
1424,16, 1413,21
1424,32, 1408,39
1424,48, 1437,62
1424,64, 1432,49
1424,80, 1408,82
1424,96, 1420,84
1424,112, 1416,119
1424,128, 1408,114
1424,144, 1413,136
1424,160, 1416,152
1424,176, 1428,183
1424,192, 1408,176
1424,208, 1408,210
1424,224, 1429,231
1424,240, 1408,250
1424,256, 1409,264
1424,272, 1408,274
1424,288, 1429,285
1424,304, 1432,314
1424,320, 1409,335
1424,336, 1420,335
1424,352, 1412,336
1424,368, 1425,355
1424,384, 1413,377
1424,400, 1409,386
1424,416, 1416,427
1424,432, 1421,425
1424,448, 1420,451
1424,464, 1413,459
1424,480, 1412,466
1424,496, 1420,503
1424,512, 1420,509
1424,528, 1436,515
1424,544, 1432,544
1424,560, 1432,561
1424,576, 1417,589
1424,592, 1409,579
1424,608, 1424,599
1424,624, 1412,623
1424,640, 1417,642
1424,656, 1409,667
1424,672, 1420,658
