16,16, 14,29
16,48, 4,63
16,80, 29,72
16,112, 12,122
16,144, 25,156
16,176, 17,168
16,208, 20,203
16,240, 0,230
16,272, 10,286
16,304, 7,304
16,336, 14,347
16,368, 27,375
16,400, 11,412
16,432, 4,428
16,464, 6,448
16,496, 15,486
16,528, 11,527
16,560, 17,546
16,592, 10,589
16,624, 0,615
16,656, 27,657
48,16, 59,22
48,48, 43,52
48,80, 47,82
48,112, 48,123
48,144, 32,139
48,176, 48,165
48,208, 56,192
48,240, 50,228
48,272, 63,286
48,304, 53,298
48,336, 55,321
48,368, 55,383
48,400, 36,400
48,432, 32,443
48,464, 39,461
48,496, 63,501
48,528, 37,526
48,560, 54,574
48,592, 43,595
48,624, 58,610
48,656, 57,640
80,16, 67,2
80,48, 76,59
80,80, 71,90
80,112, 69,109
80,144, 95,133
80,176, 86,163
80,208, 64,193
80,240, 76,237
80,272, 78,282
80,304, 68,295
80,336, 64,336
80,368, 79,376
80,400, 87,411
80,432, 81,436
80,464, 85,450
80,496, 87,481
80,528, 76,514
80,560, 67,571
80,592, 79,581
80,624, 86,634
80,656, 67,647
112,16, 98,26
112,48, 120,40
112,80, 120,80
112,112, 112,100
112,144, 108,136
112,176, 104,174
112,208, 98,212
112,240, 106,241
112,272, 121,257
112,304, 110,293
112,336, 114,337
112,368, 121,365
112,400, 122,414
112,432, 121,432
112,464, 125,477
112,496, 125,509
112,528, 99,516
112,560, 121,553
112,592, 101,605
112,624, 127,612
112,656, 109,666
144,16, 129,30
144,48, 145,53
144,80, 129,71
144,112, 137,126
144,144, 152,135
144,176, 156,180
144,208, 146,218
144,240, 155,241
144,272, 157,257
144,304, 154,288
144,336, 148,321
144,368, 157,363
144,400, 138,407
144,432, 141,439
144,464, 131,474
144,496, 130,509
144,528, 142,541
144,560, 131,562
144,592, 141,588
144,624, 128,612
144,656, 132,640
176,16, 174,14
176,48, 167,38
176,80, 165,76
176,112, 176,121
176,144, 181,152
176,176, 190,184
176,208, 185,217
176,240, 160,239
176,272, 163,261
176,304, 178,291
176,336, 170,344
176,368, 179,367
176,400, 180,414
176,432, 175,445
176,464, 169,455
176,496, 187,488
176,528, 190,526
176,560, 166,546
176,592, 180,598
176,624, 169,616
176,656, 162,651
208,16, 210,9
208,48, 207,35
208,80, 211,65
208,112, 200,119
208,144, 207,147
208,176, 217,180
208,208, 206,194
208,240, 197,234
208,272, 199,259
208,304, 221,316
208,336, 198,323
208,368, 198,383
208,400, 196,384
208,432, 197,426
208,464, 221,466
208,496, 204,490
208,528, 216,527
208,560, 212,545
208,592, 198,605
208,624, 197,637
208,656, 210,668
240,16, 238,30
240,48, 229,35
240,80, 231,87
240,112, 253,109
240,144, 243,146
240,176, 229,171
240,208, 242,206
240,240, 250,241
240,272, 245,275
240,304, 238,291
240,336, 247,349
240,368, 255,367
240,400, 231,403
240,432, 235,442
240,464, 226,472
240,496, 231,498
240,528, 224,518
240,560, 253,558
240,592, 226,605
240,624, 241,639
240,656, 228,644
272,16, 272,24
272,48, 272,51
272,80, 284,81
272,112, 267,120
272,144, 278,131
272,176, 258,165
272,208, 278,203
272,240, 276,234
272,272, 265,256
272,304, 264,319
272,336, 285,332
272,368, 272,356
272,400, 258,397
272,432, 275,430
272,464, 271,460
272,496, 282,501
272,528, 259,538
272,560, 286,562
272,592, 268,607
272,624, 263,623
272,656, 264,642
304,16, 307,24
304,48, 300,33
304,80, 317,73
304,112, 317,114
304,144, 307,156
304,176, 308,185
304,208, 318,199
304,240, 304,245
304,272, 299,285
304,304, 319,310
304,336, 315,336
304,368, 313,377
304,400, 303,412
304,432, 316,429
304,464, 309,476
304,496, 305,494
304,528, 292,520
304,560, 293,544
304,592, 292,578
304,624, 316,622
304,656, 317,659
336,16, 328,28
336,48, 346,34
336,80, 327,78
336,112, 335,125
336,144, 327,130
336,176, 348,168
336,208, 346,218
336,240, 351,252
336,272, 349,271
336,304, 343,303
336,336, 332,323
336,368, 349,383
336,400, 327,390
336,432, 347,446
336,464, 349,469
336,496, 327,504
336,528, 344,543
336,560, 323,550
336,592, 325,594
336,624, 326,610
336,656, 340,647
368,16, 379,25
368,48, 353,36
368,80, 358,82
368,112, 377,127
368,144, 373,134
368,176, 378,164
368,208, 361,217
368,240, 367,234
368,272, 366,265
368,304, 359,300
368,336, 356,325
368,368, 367,353
368,400, 363,404
368,432, 355,439
368,464, 362,460
368,496, 364,485
368,528, 382,522
368,560, 382,563
368,592, 358,589
368,624, 383,638
368,656, 371,669
400,16, 411,29
400,48, 395,37
400,80, 387,88
400,112, 412,103
400,144, 412,130
400,176, 397,176
400,208, 401,211
400,240, 403,241
400,272, 400,256
400,304, 392,319
400,336, 390,322
400,368, 407,352
400,400, 393,410
400,432, 387,429
400,464, 386,448
400,496, 404,511
400,528, 401,540
400,560, 407,572
400,592, 402,587
400,624, 408,628
400,656, 398,662
432,16, 439,29
432,48, 437,35
432,80, 434,87
432,112, 428,105
432,144, 442,146
432,176, 439,166
432,208, 422,201
432,240, 423,236
432,272, 443,275
432,304, 422,314
432,336, 436,341
432,368, 435,360
432,400, 435,390
432,432, 423,416
432,464, 444,460
432,496, 427,491
432,528, 427,542
432,560, 416,564
432,592, 429,600
432,624, 438,626
432,656, 445,645
464,16, 466,15
464,48, 474,59
464,80, 475,82
464,112, 461,124
464,144, 475,130
464,176, 460,173
464,208, 470,217
464,240, 448,236
464,272, 453,261
464,304, 450,309
464,336, 474,334
464,368, 451,362
464,400, 454,403
464,432, 452,444
464,464, 456,464
464,496, 477,507
464,528, 453,522
464,560, 462,553
464,592, 452,601
464,624, 467,631
464,656, 463,658
496,16, 498,26
496,48, 510,34
496,80, 504,83
496,112, 504,124
496,144, 496,143
496,176, 483,174
496,208, 498,218
496,240, 511,255
496,272, 486,284
496,304, 487,299
496,336, 498,327
496,368, 499,383
496,400, 499,402
496,432, 492,428
496,464, 509,471
496,496, 510,492
496,528, 498,516
496,560, 508,568
496,592, 498,585
496,624, 491,608
496,656, 494,657
528,16, 540,22
528,48, 531,50
528,80, 542,93
528,112, 522,112
528,144, 521,141
528,176, 542,175
528,208, 538,197
528,240, 539,239
528,272, 525,262
528,304, 527,292
528,336, 527,347
528,368, 513,369
528,400, 539,407
528,432, 527,437
528,464, 521,474
528,496, 522,480
528,528, 540,538
528,560, 534,551
528,592, 526,606
528,624, 530,621
528,656, 516,668
560,16, 569,1
560,48, 572,39
560,80, 573,85
560,112, 563,101
560,144, 557,140
560,176, 548,168
560,208, 545,195
560,240, 550,225
560,272, 557,263
560,304, 573,301
560,336, 545,324
560,368, 565,360
560,400, 547,397
560,432, 565,427
560,464, 548,458
560,496, 553,499
560,528, 566,524
560,560, 548,552
560,592, 546,578
560,624, 551,625
560,656, 555,659
592,16, 592,14
592,48, 596,54
592,80, 593,81
592,112, 583,122
592,144, 576,139
592,176, 577,185
592,208, 579,196
592,240, 595,229
592,272, 587,277
592,304, 599,310
592,336, 582,340
592,368, 578,359
592,400, 600,391
592,432, 605,421
592,464, 590,466
592,496, 578,508
592,528, 587,533
592,560, 591,575
592,592, 597,587
592,624, 594,630
592,656, 606,671
624,16, 629,27
624,48, 624,37
624,80, 627,87
624,112, 627,114
624,144, 627,137
624,176, 622,169
624,208, 626,219
624,240, 631,240
624,272, 621,257
624,304, 627,293
624,336, 633,321
624,368, 619,356
624,400, 627,412
624,432, 630,429
624,464, 622,460
624,496, 622,482
624,528, 621,543
624,560, 636,553
624,592, 611,579
624,624, 628,637
624,656, 620,657
656,16, 645,3
656,48, 647,40
656,80, 660,90
656,112, 644,115
656,144, 648,154
656,176, 654,188
656,208, 649,203
656,240, 664,228
656,272, 643,265
656,304, 643,298
656,336, 652,331
656,368, 654,378
656,400, 671,392
656,432, 666,445
656,464, 671,462
656,496, 654,503
656,528, 648,537
656,560, 661,561
656,592, 668,597
656,624, 668,611
656,656, 653,671
688,16, 703,0
688,48, 692,51
688,80, 700,90
688,112, 679,110
688,144, 675,134
688,176, 698,181
688,208, 673,203
688,240, 689,252
688,272, 680,272
688,304, 689,298
688,336, 688,328
688,368, 677,356
688,400, 686,390
688,432, 683,441
688,464, 700,459
688,496, 690,491
688,528, 679,528
688,560, 678,572
688,592, 699,590
688,624, 691,614
688,656, 676,666
720,16, 723,19
720,48, 724,54
720,80, 716,79
720,112, 715,102
720,144, 721,134
720,176, 732,178
720,208, 712,222
720,240, 709,242
720,272, 705,268
720,304, 734,290
720,336, 722,323
720,368, 722,366
720,400, 713,390
720,432, 704,433
720,464, 723,465
720,496, 709,489
720,528, 731,516
720,560, 722,562
720,592, 712,580
720,624, 710,613
720,656, 722,648
752,16, 761,30
752,48, 745,61
752,80, 739,92
752,112, 736,122
752,144, 757,151
752,176, 742,185
752,208, 750,207
752,240, 739,243
752,272, 748,268
752,304, 752,304
752,336, 738,337
752,368, 761,363
752,400, 762,389
752,432, 760,440
752,464, 743,451
752,496, 745,487
752,528, 739,531
752,560, 761,544
752,592, 737,601
752,624, 739,621
752,656, 745,665
784,16, 783,23
784,48, 793,50
784,80, 774,84
784,112, 799,124
784,144, 792,158
784,176, 791,191
784,208, 789,218
784,240, 799,248
784,272, 789,257
784,304, 789,309
784,336, 787,337
784,368, 790,359
784,400, 792,393
784,432, 788,429
784,464, 769,458
784,496, 772,510
784,528, 776,535
784,560, 790,573
784,592, 784,598
784,624, 777,609
784,656, 780,648
816,16, 827,26
816,48, 825,53
816,80, 810,87
816,112, 803,102
816,144, 806,142
816,176, 815,190
816,208, 809,219
816,240, 825,249
816,272, 802,274
816,304, 825,309
816,336, 801,325
816,368, 800,358
816,400, 822,388
816,432, 803,435
816,464, 806,454
816,496, 822,490
816,528, 827,521
816,560, 819,547
816,592, 831,580
816,624, 802,635
816,656, 825,657
848,16, 840,21
848,48, 838,44
848,80, 851,66
848,112, 863,96
848,144, 854,145
848,176, 835,167
848,208, 842,216
848,240, 852,254
848,272, 844,268
848,304, 838,301
848,336, 859,351
848,368, 851,354
848,400, 839,393
848,432, 849,438
848,464, 850,469
848,496, 858,483
848,528, 832,521
848,560, 849,572
848,592, 860,592
848,624, 839,632
848,656, 838,666
880,16, 884,4
880,48, 880,48
880,80, 871,74
880,112, 885,124
880,144, 885,146
880,176, 880,165
880,208, 890,207
880,240, 869,245
880,272, 865,264
880,304, 881,310
880,336, 878,326
880,368, 881,371
880,400, 877,406
880,432, 877,443
880,464, 866,464
880,496, 890,505
880,528, 865,516
880,560, 869,565
880,592, 879,582
880,624, 892,629
880,656, 866,645
912,16, 911,1
912,48, 913,33
912,80, 921,89
912,112, 923,120
912,144, 923,152
912,176, 904,161
912,208, 898,208
912,240, 923,244
912,272, 924,259
912,304, 913,308
912,336, 923,335
912,368, 923,381
912,400, 910,397
912,432, 919,434
912,464, 908,478
912,496, 913,490
912,528, 911,528
912,560, 917,559
912,592, 916,607
912,624, 917,626
912,656, 910,667
944,16, 940,29
944,48, 938,45
944,80, 955,94
944,112, 949,102
944,144, 952,139
944,176, 954,177
944,208, 953,222
944,240, 941,224
944,272, 939,265
944,304, 932,304
944,336, 949,326
944,368, 934,361
944,400, 935,409
944,432, 939,421
944,464, 928,469
944,496, 932,505
944,528, 936,514
944,560, 941,559
944,592, 956,604
944,624, 931,623
944,656, 936,645
976,16, 981,3
976,48, 968,53
976,80, 990,66
976,112, 960,114
976,144, 967,133
976,176, 974,163
976,208, 991,197
976,240, 984,235
976,272, 968,259
976,304, 969,297
976,336, 969,345
976,368, 967,376
976,400, 985,406
976,432, 988,438
976,464, 967,465
976,496, 976,480
976,528, 991,538
976,560, 965,548
976,592, 964,598
976,624, 988,608
976,656, 970,647
1008,16, 998,15
1008,48, 1023,41
1008,80, 1000,78
1008,112, 1021,127
1008,144, 992,139
1008,176, 1004,162
1008,208, 996,211
1008,240, 994,245
1008,272, 999,273
1008,304, 1006,292
1008,336, 1005,339
1008,368, 1002,352
1008,400, 1017,412
1008,432, 1003,422
1008,464, 998,466
1008,496, 1007,480
1008,528, 1009,512
1008,560, 1014,565
1008,592, 1012,593
1008,624, 1014,622
1008,656, 993,660
1040,16, 1043,15
1040,48, 1055,44
1040,80, 1039,94
1040,112, 1041,101
1040,144, 1030,156
1040,176, 1046,172
1040,208, 1053,212
1040,240, 1043,250
1040,272, 1054,270
1040,304, 1031,311
1040,336, 1054,320
1040,368, 1042,363
1040,400, 1026,394
1040,432, 1036,433
1040,464, 1036,454
1040,496, 1053,510
1040,528, 1053,516
1040,560, 1044,550
1040,592, 1029,582
1040,624, 1043,621
1040,656, 1045,645
1072,16, 1075,10
1072,48, 1059,46
1072,80, 1063,74
1072,112, 1076,104
1072,144, 1074,133
1072,176, 1084,164
1072,208, 1084,212
1072,240, 1062,233
1072,272, 1069,271
1072,304, 1058,292
1072,336, 1069,328
1072,368, 1070,359
1072,400, 1073,392
1072,432, 1074,433
1072,464, 1082,460
1072,496, 1059,486
1072,528, 1057,515
1072,560, 1060,575
1072,592, 1060,576
1072,624, 1072,624
1072,656, 1067,659
1104,16, 1117,13
1104,48, 1093,50
1104,80, 1112,90
1104,112, 1110,109
1104,144, 1096,129
1104,176, 1097,180
1104,208, 1093,202
1104,240, 1118,254
1104,272, 1103,278
1104,304, 1104,291
1104,336, 1106,327
1104,368, 1111,355
1104,400, 1097,409
1104,432, 1092,435
1104,464, 1106,463
1104,496, 1103,488
1104,528, 1093,543
1104,560, 1117,550
1104,592, 1093,604
1104,624, 1092,634
1104,656, 1104,671
1136,16, 1136,5
1136,48, 1127,63
1136,80, 1121,83
1136,112, 1137,125
1136,144, 1132,138
1136,176, 1130,167
1136,208, 1126,217
1136,240, 1124,242
1136,272, 1129,278
1136,304, 1128,296
1136,336, 1122,324
1136,368, 1120,370
1136,400, 1143,385
1136,432, 1138,416
1136,464, 1131,469
1136,496, 1125,506
1136,528, 1139,525
1136,560, 1126,566
1136,592, 1151,587
1136,624, 1122,626
1136,656, 1149,655
1168,16, 1166,12
1168,48, 1156,41
1168,80, 1160,80
1168,112, 1174,96
1168,144, 1170,129
1168,176, 1153,174
1168,208, 1154,223
1168,240, 1165,245
1168,272, 1172,264
1168,304, 1152,302
1168,336, 1175,324
1168,368, 1174,360
1168,400, 1157,385
1168,432, 1174,440
1168,464, 1178,476
1168,496, 1164,496
1168,528, 1154,533
1168,560, 1158,574
1168,592, 1155,588
1168,624, 1153,629
1168,656, 1170,670
1200,16, 1199,1
1200,48, 1210,56
1200,80, 1186,64
1200,112, 1191,97
1200,144, 1200,133
1200,176, 1187,191
1200,208, 1201,223
1200,240, 1192,228
1200,272, 1202,259
1200,304, 1186,300
1200,336, 1201,320
1200,368, 1197,352
1200,400, 1209,406
1200,432, 1195,420
1200,464, 1204,466
1200,496, 1214,500
1200,528, 1185,518
1200,560, 1192,544
1200,592, 1186,577
1200,624, 1189,611
1200,656, 1213,651
1232,16, 1244,20
1232,48, 1247,48
1232,80, 1237,86
1232,112, 1224,107
1232,144, 1233,154
1232,176, 1222,190
1232,208, 1221,201
1232,240, 1231,230
1232,272, 1244,260
1232,304, 1247,303
1232,336, 1243,343
1232,368, 1246,352
1232,400, 1222,414
1232,432, 1222,425
1232,464, 1244,449
1232,496, 1239,483
1232,528, 1231,543
1232,560, 1233,573
1232,592, 1220,578
1232,624, 1216,612
1232,656, 1227,667
1264,16, 1252,24
1264,48, 1258,47
1264,80, 1265,67
1264,112, 1279,106
1264,144, 1275,131
1264,176, 1252,175
1264,208, 1264,221
1264,240, 1274,240
1264,272, 1253,275
1264,304, 1278,299
1264,336, 1268,328
1264,368, 1278,365
1264,400, 1271,406
1264,432, 1275,436
1264,464, 1264,458
1264,496, 1254,484
1264,528, 1254,527
1264,560, 1273,560
1264,592, 1268,587
1264,624, 1258,617
1264,656, 1278,644
1296,16, 1298,24
1296,48, 1283,55
1296,80, 1307,89
1296,112, 1290,112
1296,144, 1308,152
1296,176, 1308,187
1296,208, 1303,214
1296,240, 1309,240
1296,272, 1302,272
1296,304, 1308,291
1296,336, 1282,326
1296,368, 1310,355
1296,400, 1303,408
1296,432, 1291,426
1296,464, 1301,457
1296,496, 1283,493
1296,528, 1294,535
1296,560, 1288,546
1296,592, 1300,590
1296,624, 1280,633
1296,656, 1289,644
1328,16, 1317,7
1328,48, 1313,59
1328,80, 1314,74
1328,112, 1342,122
1328,144, 1317,141
1328,176, 1330,186
1328,208, 1338,213
1328,240, 1320,254
1328,272, 1328,266
1328,304, 1343,294
1328,336, 1331,335
1328,368, 1323,358
1328,400, 1329,388
1328,432, 1320,444
1328,464, 1319,465
1328,496, 1342,496
1328,528, 1334,520
1328,560, 1334,569
1328,592, 1315,591
1328,624, 1330,620
1328,656, 1319,643
1360,16, 1366,20
1360,48, 1354,55
1360,80, 1345,87
1360,112, 1354,98
1360,144, 1344,139
1360,176, 1364,164
1360,208, 1368,209
1360,240, 1368,229
1360,272, 1350,267
1360,304, 1355,303
1360,336, 1371,338
1360,368, 1354,363
1360,400, 1373,391
1360,432, 1369,432
1360,464, 1367,457
1360,496, 1369,493
1360,528, 1360,519
1360,560, 1362,549
1360,592, 1357,582
1360,624, 1368,619
1360,656, 1351,671
1392,16, 1377,30
1392,48, 1399,59
1392,80, 1376,65
1392,112, 1388,100
1392,144, 1407,139
1392,176, 1399,191
1392,208, 1395,200
1392,240, 1405,231
1392,272, 1406,274
1392,304, 1383,314
1392,336, 1402,336
1392,368, 1398,355
1392,400, 1406,384
1392,432, 1376,423
1392,464, 1376,461
1392,496, 1385,511
1392,528, 1376,514
1392,560, 1382,553
1392,592, 1389,607
1392,624, 1376,634
1392,656, 1396,649
1424,16, 1427,24
1424,48, 1438,39
1424,80, 1417,83
1424,112, 1419,107
1424,144, 1431,156
1424,176, 1428,170
1424,208, 1428,209
1424,240, 1432,236
1424,272, 1415,266
1424,304, 1427,291
1424,336, 1419,321
1424,368, 1411,372
1424,400, 1420,398
1424,432, 1420,430
1424,464, 1412,465
1424,496, 1414,510
1424,528, 1417,513
1424,560, 1419,574
1424,592, 1432,576
1424,624, 1433,626
1424,656, 1439,661
